T,G,F
1,0.02505,0.02829
2,0.01942,0.02569
3,0.01943,0.02573
4,0.0193,0.02559
5,0.0193,0.02556
6,0.01934,0.02549
7,0.0194,0.02544
8,0.01939,0.02546
9,0.01942,0.02537
10,0.01943,0.02535
11,0.01946,0.02539
12,0.01943,0.02533
13,0.01944,0.02533
14,0.01944,0.02533
15,0.01947,0.02535
16,0.01947,0.02533
17,0.0195,0.02529
18,0.01952,0.02532
19,0.01951,0.02527
20,0.01958,0.02526
21,0.01951,0.02525
22,0.01951,0.02529
23,0.01955,0.02524
24,0.01956,0.02519
25,0.01965,0.02516
26,0.0196,0.02518
27,0.01965,0.02518
28,0.01952,0.02516
29,0.01958,0.02519
30,0.01961,0.02506
31,0.01962,0.02508
32,0.01967,0.02507
33,0.01983,0.02507
34,0.01971,0.02509
35,0.01969,0.025
36,0.01967,0.025
37,0.01977,0.02498
38,0.01976,0.02493
39,0.01985,0.02491
40,0.01979,0.02482
41,0.01979,0.02488
42,0.01976,0.02484
43,0.01979,0.02487
44,0.01982,0.0248
45,0.01992,0.02478
46,0.01989,0.02467
47,0.01991,0.02465
48,0.01995,0.02471
49,0.01996,0.02466
50,0.01998,0.0247
51,0.01995,0.0247
52,0.01994,0.02469
53,0.01991,0.02473
54,0.01993,0.0247
55,0.01989,0.02474
56,0.01998,0.0247
57,0.01996,0.02466
58,0.01996,0.02471
59,0.01994,0.02467
60,0.01996,0.0246
61,0.02,0.02457
62,0.02001,0.02463
63,0.02002,0.02463
64,0.02019,0.02457
65,0.02003,0.02447
66,0.02013,0.02452
67,0.02012,0.02442
68,0.02015,0.02448
69,0.02015,0.02443
70,0.02021,0.02436
71,0.02026,0.0244
72,0.02022,0.02427
73,0.02019,0.02425
74,0.02029,0.02428
75,0.02035,0.02416
76,0.02041,0.02414
77,0.02039,0.02411
78,0.02035,0.02415
79,0.02034,0.02408
80,0.02037,0.02412
81,0.02038,0.02403
82,0.02045,0.02406
83,0.02046,0.02406
84,0.02052,0.024
85,0.02055,0.02405
86,0.02042,0.024
87,0.02046,0.02399
88,0.02043,0.02399
89,0.02052,0.02404
90,0.02053,0.02394
91,0.02049,0.02386
92,0.02053,0.02389
93,0.02063,0.02383
94,0.02057,0.02382
95,0.02063,0.02382
96,0.02058,0.02381
97,0.02069,0.0238
98,0.02066,0.02375
99,0.02064,0.02376
100,0.02062,0.02373
101,0.02063,0.0237
102,0.02079,0.0237
103,0.02065,0.02367
104,0.02074,0.0237
105,0.02072,0.02361
106,0.0207,0.02369
107,0.02077,0.02367
108,0.02073,0.02367
109,0.02074,0.02361
110,0.02076,0.02364
111,0.02076,0.0236
112,0.02072,0.02362
113,0.02077,0.02358
114,0.02088,0.02359
115,0.02091,0.02344
116,0.02087,0.02353
117,0.02084,0.02349
118,0.02091,0.02347
119,0.02096,0.02343
120,0.0209,0.02342
121,0.02091,0.0234
122,0.02095,0.0234
123,0.02099,0.02336
124,0.02098,0.02333
125,0.02104,0.02333
126,0.02101,0.0233
127,0.021,0.0233
128,0.021,0.02336
129,0.0211,0.02336
130,0.02099,0.02333
131,0.02108,0.02335
132,0.02108,0.02322
133,0.02105,0.02324
134,0.02112,0.02328
135,0.02109,0.0232
136,0.02113,0.02323
137,0.02118,0.02319
138,0.02114,0.02318
139,0.02112,0.02313
140,0.02115,0.02314
141,0.0212,0.02315
142,0.02121,0.02306
143,0.0212,0.023
144,0.02126,0.02302
145,0.02125,0.02303
146,0.02129,0.02298
147,0.02136,0.02292
148,0.0214,0.02287
149,0.02135,0.02288
150,0.02134,0.02287
151,0.02142,0.02283
152,0.02138,0.02283
153,0.02135,0.02288
154,0.02138,0.02282
155,0.02147,0.02279
156,0.02148,0.02283
157,0.02149,0.02274
158,0.02157,0.02277
159,0.02148,0.02271
160,0.0215,0.02275
161,0.02151,0.02271
162,0.0215,0.02277
163,0.02154,0.02269
164,0.02158,0.02268
165,0.02156,0.02269
166,0.02157,0.02267
167,0.02158,0.02268
168,0.02156,0.02265
169,0.02161,0.02265
170,0.02166,0.02267
171,0.02159,0.02258
172,0.0216,0.02256
173,0.02161,0.02258
174,0.02156,0.02262
175,0.0216,0.02264
176,0.02156,0.02259
177,0.02165,0.0226
178,0.02163,0.02262
179,0.02164,0.02259
180,0.02168,0.02261
181,0.02172,0.02246
182,0.0217,0.02247
183,0.02171,0.02244
184,0.0217,0.02248
185,0.02168,0.02247
186,0.02174,0.0225
187,0.02169,0.02247
188,0.02169,0.02252
189,0.02171,0.02246
190,0.02185,0.02255
191,0.02168,0.02252
192,0.02162,0.02252
193,0.02166,0.02252
194,0.02173,0.02254
195,0.0218,0.02246
196,0.02173,0.02245
197,0.02173,0.0225
198,0.02181,0.02245
199,0.02173,0.02243
200,0.02176,0.02243
201,0.02175,0.02247
202,0.02179,0.02245
203,0.02178,0.02244
204,0.02186,0.02243
205,0.02178,0.02241
206,0.02176,0.02239
207,0.02179,0.02239
208,0.02181,0.02236
209,0.02189,0.02233
210,0.02186,0.02233
211,0.02181,0.02236
212,0.02182,0.02234
213,0.02184,0.02234
214,0.02182,0.02236
215,0.02184,0.02232
216,0.02189,0.02225
217,0.02187,0.02231
218,0.02184,0.02232
219,0.02189,0.02237
220,0.02189,0.02232
221,0.0219,0.02237
222,0.02178,0.02235
223,0.02177,0.02241
224,0.02184,0.02238
225,0.02188,0.02231
226,0.02185,0.02232
227,0.02187,0.02228
228,0.02188,0.02228
229,0.02189,0.02234
230,0.02181,0.02233
231,0.02183,0.0223
232,0.02187,0.02233
233,0.02191,0.02232
234,0.02188,0.02227
235,0.02191,0.02223
236,0.02192,0.02231
237,0.02193,0.0223
238,0.02191,0.02227
239,0.02192,0.02227
240,0.02187,0.02227
241,0.02195,0.02227
242,0.022,0.02224
243,0.02194,0.02218
244,0.02201,0.02224
245,0.022,0.02223
246,0.02201,0.02214
247,0.02208,0.02215
248,0.02199,0.02213
249,0.02199,0.02214
250,0.02206,0.02216
251,0.02204,0.02213
252,0.02202,0.02214
253,0.02197,0.02219
254,0.02196,0.02215
255,0.02195,0.02218
256,0.02198,0.02215
257,0.022,0.02213
258,0.02196,0.02216
259,0.02203,0.02217
260,0.022,0.02215
261,0.02197,0.02223
262,0.02197,0.02219
263,0.02201,0.02218
264,0.02202,0.02214
265,0.02204,0.02206
266,0.02211,0.02208
267,0.02223,0.02205
268,0.02217,0.02201
269,0.02217,0.02195
270,0.02219,0.02198
271,0.02217,0.02192
272,0.02219,0.02196
273,0.0222,0.02198
274,0.02219,0.02194
275,0.02215,0.02199
276,0.02222,0.022
277,0.02231,0.02198
278,0.02226,0.0219
279,0.02225,0.02186
280,0.02225,0.02192
281,0.02216,0.02195
282,0.02225,0.02195
283,0.02227,0.02193
284,0.02227,0.02189
285,0.0223,0.02188
286,0.02228,0.02189
287,0.02226,0.02189
288,0.02225,0.02185
289,0.02235,0.02185
290,0.02234,0.02188
291,0.02234,0.02186
292,0.02228,0.0218
293,0.02239,0.02182
294,0.0223,0.0218
295,0.02234,0.02177
296,0.02233,0.02185
297,0.02234,0.0218
298,0.02231,0.02181
299,0.02229,0.02184
300,0.02228,0.02185
301,0.02226,0.02185
302,0.02226,0.02191
303,0.0223,0.02183
304,0.02226,0.02189
305,0.02221,0.0219
306,0.02221,0.0219
307,0.02232,0.02189
308,0.02229,0.02189
309,0.02222,0.02187
310,0.02225,0.02188
311,0.0223,0.02188
312,0.02225,0.02188
313,0.02224,0.02188
314,0.02225,0.02188
315,0.02226,0.02187
316,0.02224,0.02186
317,0.02222,0.02188
318,0.02224,0.02191
319,0.02229,0.02191
320,0.02236,0.02184
321,0.02229,0.02188
322,0.02232,0.02185
323,0.02228,0.02191
324,0.02226,0.02188
325,0.02225,0.02192
326,0.02226,0.02191
327,0.02222,0.02191
328,0.02224,0.02197
329,0.02224,0.0219
330,0.02223,0.0219
331,0.02225,0.02185
332,0.02234,0.02187
333,0.02233,0.0219
334,0.02227,0.02189
335,0.02225,0.02191
336,0.02229,0.02184
337,0.02226,0.02191
338,0.02229,0.02194
339,0.02235,0.02193
340,0.02234,0.02186
341,0.02234,0.02183
342,0.02236,0.02189
343,0.02238,0.02178
344,0.02232,0.02181
345,0.02238,0.02179
346,0.0224,0.02174
347,0.02238,0.02175
348,0.0224,0.02173
349,0.02236,0.02182
350,0.02238,0.0218
351,0.02239,0.02176
352,0.02239,0.02171
353,0.02237,0.02174
354,0.02242,0.02172
355,0.02243,0.0217
356,0.0224,0.02175
357,0.02239,0.0217
358,0.0224,0.02175
359,0.0224,0.02174
360,0.02236,0.02182
361,0.02234,0.02178
362,0.0223,0.02186
363,0.02234,0.02179
364,0.0223,0.02182
365,0.02235,0.02183
366,0.02227,0.02181
367,0.02227,0.02186
368,0.02229,0.02186
369,0.02227,0.02183
370,0.02226,0.02193
371,0.02223,0.02189
372,0.02224,0.02189
373,0.02219,0.02189
374,0.02221,0.02193
375,0.02225,0.02191
376,0.02221,0.02186
377,0.0223,0.02188
378,0.02216,0.02193
379,0.02223,0.0219
380,0.02231,0.02194
381,0.02224,0.02189
382,0.02225,0.02185
383,0.02222,0.02187
384,0.02229,0.02187
385,0.02227,0.02187
386,0.02228,0.02186
387,0.02228,0.02188
388,0.02224,0.02192
389,0.02227,0.0219
390,0.02224,0.02192
391,0.02221,0.02191
392,0.02223,0.022
393,0.02216,0.02199
394,0.0222,0.02199
395,0.02219,0.02191
396,0.02221,0.02197
397,0.02233,0.02191
398,0.02222,0.02195
399,0.0222,0.02198
400,0.02215,0.02197
401,0.02222,0.02195
402,0.02227,0.02192
403,0.02222,0.02192
404,0.02232,0.02188
405,0.02226,0.02187
406,0.02222,0.02188
407,0.02227,0.0219
408,0.02225,0.02191
409,0.02226,0.02187
410,0.02232,0.02184
411,0.02233,0.02189
412,0.02234,0.02184
413,0.02227,0.02187
414,0.02235,0.02184
415,0.0223,0.02187
416,0.0223,0.02184
417,0.02227,0.02187
418,0.02232,0.02186
419,0.0223,0.02183
420,0.02225,0.02185
421,0.02232,0.02187
422,0.02228,0.02188
423,0.02226,0.02186
424,0.02232,0.02187
425,0.02228,0.02182
426,0.0223,0.02183
427,0.02237,0.02184
428,0.02234,0.02172
429,0.02235,0.02183
430,0.02229,0.02178
431,0.02228,0.02182
432,0.02228,0.02185
433,0.02228,0.02188
434,0.02234,0.02185
435,0.02229,0.02182
436,0.02228,0.02182
437,0.02224,0.02188
438,0.02227,0.02189
439,0.02224,0.02184
440,0.0223,0.02185
441,0.02236,0.02182
442,0.02237,0.02185
443,0.02229,0.02182
444,0.0223,0.02188
445,0.02233,0.02182
446,0.02234,0.02184
447,0.02233,0.02181
448,0.02234,0.02176
449,0.02235,0.02181
450,0.02232,0.02178
451,0.02235,0.02178
452,0.02237,0.02178
453,0.02237,0.02176
454,0.02245,0.02176
455,0.02236,0.02175
456,0.02235,0.02177
457,0.0224,0.02176
458,0.02243,0.02175
459,0.02241,0.02176
460,0.02239,0.0217
461,0.02238,0.02172
462,0.02247,0.02169
463,0.02242,0.02177
464,0.02242,0.0217
465,0.02241,0.02167
466,0.02246,0.02168
467,0.02245,0.02171
468,0.02248,0.02167
469,0.02245,0.02161
470,0.02249,0.0217
471,0.02247,0.02167
472,0.02247,0.02165
473,0.02245,0.02164
474,0.02243,0.02165
475,0.02248,0.02164
476,0.02253,0.0216
477,0.02252,0.0216
478,0.02251,0.02162
479,0.02247,0.02162
480,0.02248,0.02164
481,0.02248,0.02167
482,0.02251,0.02171
483,0.02245,0.02173
484,0.02236,0.02176
485,0.02233,0.02178
486,0.0223,0.02178
487,0.02234,0.0218
488,0.02235,0.02184
489,0.02225,0.02184
490,0.02225,0.02186
491,0.02228,0.0219
492,0.02228,0.0219
493,0.0223,0.02183
494,0.0223,0.02188
495,0.02228,0.02189
496,0.02229,0.02188
497,0.02232,0.02193
498,0.02226,0.02184
499,0.02231,0.02186
500,0.02231,0.02178
501,0.02231,0.02182
502,0.02233,0.0218
503,0.0224,0.02182
504,0.02234,0.02183
505,0.02235,0.0219
506,0.02231,0.02186
507,0.02227,0.02189
508,0.02225,0.02186
509,0.0223,0.02187
510,0.02224,0.02191
511,0.02224,0.02191
512,0.02225,0.02188
513,0.0223,0.02188
514,0.02224,0.02194
515,0.02225,0.02191
516,0.02221,0.02185
517,0.02227,0.02193
518,0.02215,0.02193
519,0.02218,0.02198
520,0.02221,0.02199
521,0.0222,0.02193
522,0.0222,0.02194
523,0.0222,0.02197
524,0.02225,0.02194
525,0.02219,0.02193
526,0.0222,0.02198
527,0.02213,0.022
528,0.02219,0.02199
529,0.02217,0.02197
530,0.02214,0.02195
531,0.02213,0.02199
532,0.02215,0.022
533,0.02215,0.02199
534,0.02212,0.02202
535,0.02217,0.02196
536,0.02219,0.02204
537,0.02206,0.02211
538,0.02209,0.02203
539,0.02211,0.02211
540,0.02207,0.02206
541,0.02209,0.02207
542,0.02209,0.0221
543,0.02207,0.02206
544,0.02205,0.02207
545,0.02211,0.02199
546,0.02212,0.02205
547,0.02214,0.02204
548,0.02213,0.02203
549,0.02215,0.02196
550,0.02214,0.02198
551,0.02213,0.02203
552,0.02213,0.02206
553,0.02208,0.02205
554,0.02206,0.0221
555,0.02206,0.02207
556,0.02211,0.02208
557,0.02211,0.02206
558,0.02212,0.02205
559,0.0221,0.02208
560,0.0221,0.02203
561,0.02216,0.02199
562,0.02219,0.02204
563,0.02219,0.02198
564,0.02214,0.02198
565,0.02214,0.02197
566,0.02219,0.022
567,0.02217,0.02196
568,0.02219,0.02196
569,0.02219,0.02192
570,0.02217,0.02198
571,0.02219,0.02194
572,0.02216,0.022
573,0.02218,0.02197
574,0.02224,0.02199
575,0.02223,0.02198
576,0.02217,0.02198
577,0.02222,0.022
578,0.02223,0.0219
579,0.02222,0.02193
580,0.02224,0.02188
581,0.02227,0.02191
582,0.02224,0.02193
583,0.02221,0.02195
584,0.0222,0.02194
585,0.02225,0.02196
586,0.02221,0.02195
587,0.02224,0.02192
588,0.02223,0.02195
589,0.02217,0.02192
590,0.02214,0.02195
591,0.02223,0.02188
592,0.02217,0.02196
593,0.02219,0.02199
594,0.02219,0.02195
595,0.02218,0.02199
596,0.02222,0.02197
597,0.02227,0.02193
598,0.02229,0.0219
599,0.02228,0.02187
600,0.02226,0.02194
601,0.02219,0.02191
602,0.02223,0.02194
603,0.02227,0.02189
604,0.02227,0.02192
605,0.02223,0.02186
606,0.02225,0.02192
607,0.02225,0.02192
608,0.02227,0.02199
609,0.02227,0.0219
610,0.02226,0.02183
611,0.0223,0.02187
612,0.02227,0.02184
613,0.02229,0.02184
614,0.02226,0.02187
615,0.02231,0.02188
616,0.02233,0.02188
617,0.02238,0.02181
618,0.02234,0.02181
619,0.02234,0.0218
620,0.02232,0.02183
621,0.02234,0.02178
622,0.02238,0.02179
623,0.02235,0.02178
624,0.02236,0.02176
625,0.02236,0.02174
626,0.02243,0.02178
627,0.02239,0.02172
628,0.02242,0.02175
629,0.02245,0.02169
630,0.02242,0.02169
631,0.02244,0.02174
632,0.02238,0.02178
633,0.02238,0.02175
634,0.02242,0.0217
635,0.02243,0.0217
636,0.02245,0.02172
637,0.02254,0.02169
638,0.02247,0.02164
639,0.02244,0.02164
640,0.02246,0.02166
641,0.02246,0.0217
642,0.0224,0.02174
643,0.02244,0.02176
644,0.02239,0.02169
645,0.0224,0.02178
646,0.02235,0.02174
647,0.02239,0.02177
648,0.02236,0.02176
649,0.02238,0.02172
650,0.02239,0.02172
651,0.02237,0.02171
652,0.02235,0.02176
653,0.02248,0.02174
654,0.02237,0.02168
655,0.0224,0.02168
656,0.02239,0.02177
657,0.02236,0.02177
658,0.02232,0.02177
659,0.02236,0.02182
660,0.02234,0.02177
661,0.02233,0.02177
662,0.02233,0.02177
663,0.02238,0.02179
664,0.02238,0.0218
665,0.02234,0.02177
666,0.02233,0.02177
667,0.02239,0.02179
668,0.02246,0.02182
669,0.02235,0.02178
670,0.02238,0.02176
671,0.02239,0.02186
672,0.02232,0.02184
673,0.02231,0.02182
674,0.02229,0.02185
675,0.02232,0.02183
676,0.02228,0.02184
677,0.02228,0.0218
678,0.02229,0.02187
679,0.02228,0.02188
680,0.02216,0.02195
681,0.02227,0.02192
682,0.02218,0.02193
683,0.0222,0.02193
684,0.0222,0.02194
685,0.02219,0.02194
686,0.02221,0.02194
687,0.02221,0.02191
688,0.02223,0.02189
689,0.0222,0.0219
690,0.02216,0.02195
691,0.02222,0.022
692,0.0222,0.02194
693,0.02221,0.02199
694,0.02221,0.02197
695,0.02221,0.02195
696,0.02225,0.02198
697,0.02215,0.022
698,0.02222,0.02197
699,0.02215,0.02195
700,0.02215,0.02194
701,0.02219,0.022
702,0.02215,0.022
703,0.02215,0.02194
704,0.02218,0.02196
705,0.02215,0.02197
706,0.02219,0.02198
707,0.02217,0.02196
708,0.02217,0.02198
709,0.02219,0.02193
710,0.02213,0.02196
711,0.02215,0.02192
712,0.02221,0.02199
713,0.02224,0.02198
714,0.02214,0.02194
715,0.02215,0.02199
716,0.02218,0.02195
717,0.02219,0.02192
718,0.02222,0.02192
719,0.0222,0.02198
720,0.02223,0.02196
721,0.02223,0.02189
722,0.02223,0.0219
723,0.02225,0.022
724,0.02215,0.02198
725,0.02218,0.02203
726,0.02213,0.02198
727,0.02221,0.02204
728,0.02221,0.02201
729,0.02214,0.02198
730,0.02212,0.02203
731,0.02219,0.02203
732,0.02223,0.02203
733,0.02213,0.02201
734,0.02211,0.02203
735,0.0221,0.02207
736,0.02209,0.02203
737,0.02204,0.02203
738,0.02214,0.02206
739,0.02211,0.02201
740,0.02213,0.02206
741,0.02211,0.02204
742,0.0221,0.02206
743,0.02205,0.02207
744,0.02216,0.02207
745,0.02211,0.02206
746,0.02214,0.02206
747,0.02211,0.02205
748,0.02212,0.02206
749,0.02213,0.0221
750,0.02211,0.02208
751,0.02203,0.02204
752,0.02216,0.02206
753,0.02208,0.02207
754,0.02209,0.02206
755,0.02208,0.02204
756,0.02215,0.02209
757,0.02208,0.02207
758,0.02205,0.02207
759,0.02205,0.02209
760,0.02214,0.02213
761,0.02212,0.02216
762,0.02201,0.02221
763,0.02199,0.02217
764,0.02195,0.02214
765,0.02204,0.02219
766,0.02202,0.02214
767,0.02208,0.02216
768,0.02197,0.02216
769,0.02205,0.02213
770,0.02202,0.02215
771,0.02205,0.0222
772,0.02206,0.02213
773,0.02205,0.02208
774,0.0221,0.02211
775,0.02209,0.02208
776,0.02209,0.02201
777,0.02211,0.02208
778,0.02203,0.02209
779,0.02207,0.02205
780,0.0221,0.0221
781,0.02203,0.02209
782,0.02209,0.02214
783,0.02201,0.02207
784,0.02204,0.02212
785,0.02212,0.02208
786,0.02213,0.02205
787,0.02216,0.02202
788,0.02209,0.02198
789,0.0221,0.02204
790,0.02211,0.02204
791,0.02207,0.02215
792,0.02211,0.0221
793,0.02209,0.02205
794,0.02211,0.02206
795,0.02203,0.02217
796,0.02207,0.02208
797,0.02204,0.0221
798,0.02203,0.02206
799,0.02208,0.0221
800,0.02204,0.02211
801,0.022,0.02212
802,0.0221,0.02209
803,0.02213,0.02205
804,0.02213,0.02201
805,0.02217,0.02201
806,0.0221,0.02202
807,0.02212,0.02199
808,0.02225,0.02201
809,0.02223,0.02193
810,0.02225,0.02191
811,0.02223,0.0219
812,0.02223,0.02191
813,0.02231,0.02188
814,0.02225,0.02192
815,0.02218,0.02193
816,0.02218,0.02196
817,0.0221,0.02197
818,0.02213,0.02195
819,0.02218,0.02201
820,0.02224,0.02195
821,0.02226,0.02193
822,0.02222,0.02194
823,0.02229,0.02196
824,0.02222,0.02196
825,0.02217,0.02197
826,0.02215,0.02193
827,0.02225,0.02197
828,0.02217,0.02194
829,0.02215,0.02195
830,0.02219,0.02199
831,0.02219,0.02206
832,0.02208,0.02208
833,0.02207,0.02208
834,0.02215,0.02203
835,0.02211,0.02205
836,0.02219,0.02203
837,0.02213,0.02201
838,0.02218,0.02202
839,0.02214,0.02198
840,0.02211,0.022
841,0.02217,0.02199
842,0.02218,0.02197
843,0.02216,0.022
844,0.02217,0.02198
845,0.02217,0.02198
846,0.02214,0.022
847,0.02215,0.02196
848,0.02223,0.02191
849,0.02213,0.02194
850,0.0222,0.02196
851,0.02217,0.02195
852,0.02221,0.022
853,0.02221,0.02194
854,0.0222,0.02193
855,0.02222,0.0219
856,0.02217,0.02201
857,0.02212,0.02197
858,0.02211,0.02206
859,0.02216,0.02201
860,0.02211,0.02202
861,0.02215,0.02206
862,0.02213,0.02207
863,0.02214,0.02202
864,0.02214,0.02211
865,0.02218,0.02201
866,0.0221,0.02206
867,0.02218,0.02204
868,0.02216,0.022
869,0.02216,0.02194
870,0.02215,0.02198
871,0.02214,0.02198
872,0.02217,0.02198
873,0.02223,0.02197
874,0.0222,0.02196
875,0.02216,0.02194
876,0.02222,0.02198
877,0.02222,0.02201
878,0.02215,0.022
879,0.02218,0.02204
880,0.02217,0.02196
881,0.02226,0.02197
882,0.02216,0.02204
883,0.0222,0.02206
884,0.02215,0.02202
885,0.02214,0.02197
886,0.02214,0.02196
887,0.02214,0.02198
888,0.02217,0.02198
889,0.02217,0.02199
890,0.02215,0.02202
891,0.02219,0.022
892,0.02212,0.02199
893,0.02215,0.022
894,0.02215,0.02203
895,0.0221,0.02196
896,0.02218,0.02201
897,0.02216,0.02198
898,0.0222,0.02194
899,0.02226,0.02196
900,0.02229,0.02187
901,0.02227,0.02188
902,0.0223,0.02191
903,0.02231,0.02189
904,0.02227,0.02191
905,0.02231,0.02191
906,0.02228,0.02187
907,0.02226,0.02185
908,0.02234,0.02185
909,0.02234,0.02183
910,0.02237,0.02183
911,0.02239,0.02176
912,0.02235,0.02172
913,0.02238,0.02172
914,0.02237,0.02178
915,0.02228,0.0218
916,0.02229,0.02189
917,0.02225,0.02188
918,0.0223,0.02188
919,0.02226,0.0219
920,0.02221,0.02187
921,0.02221,0.02187
922,0.02223,0.02187
923,0.02225,0.02188
924,0.02223,0.02186
925,0.0223,0.0219
926,0.02219,0.0219
927,0.02229,0.0219
928,0.02223,0.02191
929,0.0222,0.02197
930,0.02217,0.02201
931,0.02215,0.02195
932,0.02215,0.02196
933,0.02215,0.02198
934,0.02221,0.02197
935,0.02218,0.0219
936,0.02217,0.02202
937,0.02213,0.02198
938,0.0222,0.02199
939,0.02225,0.02194
940,0.0223,0.02192
941,0.0222,0.02192
942,0.02216,0.02197
943,0.02221,0.02194
944,0.02219,0.02194
945,0.02222,0.02197
946,0.02215,0.02197
947,0.0221,0.02196
948,0.02215,0.02196
949,0.02218,0.02199
950,0.02217,0.02196
951,0.02222,0.02195
952,0.02215,0.02201
953,0.02219,0.02194
954,0.02225,0.02193
955,0.02216,0.02193
956,0.02217,0.02196
957,0.0222,0.02195
958,0.02224,0.02197
959,0.02218,0.02196
960,0.02216,0.02201
961,0.02219,0.02197
962,0.02218,0.0219
963,0.02219,0.022
964,0.02215,0.02199
965,0.02214,0.02203
966,0.02212,0.02199
967,0.02214,0.02198
968,0.02214,0.02198
969,0.0221,0.02201
970,0.02217,0.022
971,0.0222,0.02198
972,0.02226,0.02188
973,0.02227,0.02194
974,0.0222,0.02196
975,0.0222,0.02197
976,0.02219,0.02194
977,0.02224,0.02195
978,0.0222,0.02195
979,0.02222,0.0219
980,0.02218,0.02194
981,0.02222,0.02193
982,0.02218,0.02198
983,0.02216,0.02201
984,0.02216,0.02199
985,0.0221,0.02199
986,0.02214,0.02201
987,0.02212,0.02199
988,0.02212,0.02194
989,0.02217,0.02199
990,0.02212,0.02197
991,0.02215,0.02203
992,0.02221,0.02193
993,0.0222,0.02198
994,0.02226,0.022
995,0.02213,0.022
996,0.02217,0.02199
997,0.02216,0.02198
998,0.0222,0.02199
999,0.02218,0.02199
1000,0.02217,0.02197
1001,0.02213,0.02202
1002,0.02211,0.02204
1003,0.0221,0.02203
1004,0.02214,0.02202
1005,0.02213,0.02201
1006,0.02217,0.02201
1007,0.02219,0.02201
1008,0.02215,0.02202
1009,0.02216,0.02194
1010,0.02216,0.02194
1011,0.02219,0.02194
1012,0.02218,0.02194
1013,0.02226,0.02196
1014,0.0222,0.02191
1015,0.02227,0.02193
1016,0.02222,0.02192
1017,0.02221,0.02195
1018,0.02222,0.02188
1019,0.02223,0.02189
1020,0.02226,0.0219
1021,0.02224,0.02187
1022,0.02226,0.02183
1023,0.0223,0.02186
1024,0.02229,0.02185
1025,0.0223,0.02194
1026,0.02223,0.02189
1027,0.02222,0.02193
1028,0.02218,0.02191
1029,0.02223,0.02191
1030,0.02224,0.0219
1031,0.02226,0.02188
1032,0.02235,0.02187
1033,0.02237,0.02183
1034,0.02234,0.02181
1035,0.02235,0.0218
1036,0.02231,0.02185
1037,0.02235,0.02179
1038,0.02231,0.02184
1039,0.02229,0.02183
1040,0.0223,0.02186
1041,0.02233,0.02185
1042,0.02233,0.02179
1043,0.0224,0.02178
1044,0.02245,0.02171
1045,0.02247,0.02169
1046,0.02241,0.0217
1047,0.02243,0.02178
1048,0.02239,0.02182
1049,0.02241,0.02179
1050,0.02244,0.02176
1051,0.02244,0.0217
1052,0.02244,0.02173
1053,0.02243,0.02167
1054,0.02244,0.02168
1055,0.02244,0.02173
1056,0.02244,0.02169
1057,0.02245,0.0217
1058,0.02241,0.02167
1059,0.02239,0.02171
1060,0.02241,0.02168
1061,0.02246,0.02172
1062,0.02248,0.02175
1063,0.02239,0.0217
1064,0.02245,0.02174
1065,0.02242,0.02174
1066,0.02246,0.02174
1067,0.02248,0.02167
1068,0.02243,0.02168
1069,0.02249,0.02166
1070,0.0224,0.02172
1071,0.02243,0.0217
1072,0.02239,0.02175
1073,0.0224,0.02173
1074,0.0224,0.02176
1075,0.0224,0.02173
1076,0.02235,0.02177
1077,0.02238,0.02176
1078,0.02236,0.02174
1079,0.02234,0.02176
1080,0.02236,0.02178
1081,0.02233,0.02176
1082,0.02232,0.02177
1083,0.02239,0.02179
1084,0.02231,0.02176
1085,0.02235,0.0218
1086,0.02237,0.02193
1087,0.0223,0.0219
1088,0.0223,0.0219
1089,0.02222,0.02196
1090,0.02221,0.02189
1091,0.02219,0.02193
1092,0.0222,0.02205
1093,0.02219,0.02199
1094,0.02218,0.022
1095,0.02216,0.02197
1096,0.02215,0.02201
1097,0.02217,0.02202
1098,0.0222,0.02193
1099,0.02217,0.02198
1100,0.02219,0.02205
1101,0.0221,0.02201
1102,0.02213,0.02199
1103,0.02213,0.02198
1104,0.02215,0.02201
1105,0.02215,0.02197
1106,0.02216,0.02198
1107,0.02222,0.022
1108,0.02214,0.02195
1109,0.02212,0.02196
1110,0.02218,0.02199
1111,0.02212,0.02196
1112,0.02217,0.02197
1113,0.02214,0.02211
1114,0.02207,0.02208
1115,0.02211,0.02211
1116,0.0221,0.02207
1117,0.02204,0.02204
1118,0.02205,0.02204
1119,0.02209,0.0221
1120,0.02209,0.02209
1121,0.02206,0.0221
1122,0.02203,0.0221
1123,0.02209,0.02211
1124,0.02207,0.02208
1125,0.02206,0.02212
1126,0.02201,0.02212
1127,0.02205,0.02212
1128,0.02208,0.02208
1129,0.02203,0.02221
1130,0.02195,0.02219
1131,0.02201,0.02221
1132,0.022,0.02225
1133,0.02197,0.02214
1134,0.02207,0.02213
1135,0.02213,0.02206
1136,0.02213,0.02206
1137,0.02217,0.02201
1138,0.02211,0.02201
1139,0.02209,0.02201
1140,0.02214,0.02202
1141,0.02213,0.02199
1142,0.02217,0.02202
1143,0.02215,0.02195
1144,0.02223,0.02195
1145,0.02219,0.02197
1146,0.02212,0.022
1147,0.02214,0.02194
1148,0.02221,0.02196
1149,0.02221,0.02194
1150,0.02218,0.02194
1151,0.0222,0.02193
1152,0.02215,0.02198
1153,0.02217,0.02197
1154,0.02217,0.02194
1155,0.02221,0.02197
1156,0.02219,0.02194
1157,0.02214,0.02195
1158,0.02213,0.02202
1159,0.02214,0.02202
1160,0.02219,0.02196
1161,0.02218,0.02198
1162,0.02225,0.02192
1163,0.02224,0.0219
1164,0.02218,0.02201
1165,0.02221,0.02194
1166,0.02216,0.02202
1167,0.02216,0.022
1168,0.02219,0.02202
1169,0.02218,0.022
1170,0.02215,0.02199
1171,0.02215,0.02202
1172,0.02216,0.02196
1173,0.02222,0.02196
1174,0.0222,0.02199
1175,0.02227,0.02198
1176,0.02222,0.02193
1177,0.02211,0.02196
1178,0.02221,0.022
1179,0.0222,0.02202
1180,0.02221,0.02196
1181,0.02219,0.02192
1182,0.02219,0.02194
1183,0.0222,0.0219
1184,0.02221,0.02192
1185,0.02218,0.02195
1186,0.02226,0.02193
1187,0.02223,0.02187
1188,0.02224,0.02188
1189,0.02226,0.02189
1190,0.02231,0.02188
1191,0.02225,0.02188
1192,0.02232,0.02192
1193,0.02232,0.02183
1194,0.02238,0.02182
1195,0.02238,0.02184
1196,0.02232,0.0218
1197,0.02232,0.02184
1198,0.02233,0.02182
1199,0.02233,0.02179
1200,0.02234,0.02184
1201,0.02233,0.02184
1202,0.02233,0.02176
1203,0.02237,0.02179
1204,0.02228,0.02182
1205,0.02228,0.02177
1206,0.02233,0.02177
1207,0.02227,0.02183
1208,0.02231,0.02193
1209,0.02227,0.02194
1210,0.02227,0.02186
1211,0.02228,0.02186
1212,0.02226,0.02195
1213,0.02229,0.0219
1214,0.02221,0.02195
1215,0.02223,0.02184
1216,0.02225,0.02185
1217,0.02223,0.02187
1218,0.02228,0.02186
1219,0.0223,0.02184
1220,0.02228,0.02182
1221,0.0223,0.02191
1222,0.02225,0.02188
1223,0.02222,0.02198
1224,0.02223,0.02192
1225,0.02219,0.02191
1226,0.02224,0.02192
1227,0.02225,0.02185
1228,0.02226,0.02187
1229,0.02236,0.02185
1230,0.02231,0.02185
1231,0.02238,0.02189
1232,0.02226,0.02183
1233,0.02228,0.02187
1234,0.02224,0.02186
1235,0.0223,0.02183
1236,0.02231,0.02184
1237,0.02228,0.02184
1238,0.02231,0.0219
1239,0.02229,0.02183
1240,0.02239,0.02181
1241,0.02232,0.02175
1242,0.02239,0.02175
1243,0.02235,0.02181
1244,0.02239,0.02178
1245,0.02237,0.02175
1246,0.02237,0.02173
1247,0.02241,0.02173
1248,0.02238,0.0217
1249,0.0224,0.02172
1250,0.02244,0.02171
1251,0.02238,0.02168
1252,0.02244,0.02174
1253,0.02236,0.02169
1254,0.02241,0.02171
1255,0.02242,0.02169
1256,0.0224,0.02173
1257,0.02238,0.02172
1258,0.0225,0.02169
1259,0.02248,0.02167
1260,0.02241,0.02169
1261,0.02246,0.02167
1262,0.02246,0.02167
1263,0.0225,0.0217
1264,0.02253,0.0217
1265,0.02256,0.02168
1266,0.02242,0.02166
1267,0.02246,0.02168
1268,0.02243,0.02165
1269,0.02241,0.02172
1270,0.02243,0.02174
1271,0.02245,0.02171
1272,0.02248,0.0217
1273,0.02248,0.0216
1274,0.02249,0.02166
1275,0.02244,0.02163
1276,0.02245,0.02163
1277,0.02246,0.02167
1278,0.02248,0.02156
1279,0.02249,0.0216
1280,0.02245,0.02164
1281,0.02242,0.02171
1282,0.02244,0.02167
1283,0.02244,0.02162
1284,0.02246,0.02168
1285,0.02243,0.02174
1286,0.02243,0.02166
1287,0.02245,0.02171
1288,0.02255,0.02174
1289,0.02238,0.02165
1290,0.02251,0.02172
1291,0.0224,0.02169
1292,0.02243,0.02171
1293,0.02244,0.02179
1294,0.02236,0.02175
1295,0.02238,0.02172
1296,0.0224,0.02173
1297,0.02238,0.02173
1298,0.02241,0.02176
1299,0.02242,0.02172
1300,0.02237,0.02176
1301,0.02234,0.02172
1302,0.0224,0.02173
1303,0.0224,0.02169
1304,0.02239,0.02186
1305,0.02237,0.02182
1306,0.02235,0.0219
1307,0.02234,0.02179
1308,0.02237,0.02179
1309,0.02242,0.02174
1310,0.02236,0.02177
1311,0.02236,0.02174
1312,0.02239,0.02172
1313,0.02237,0.02174
1314,0.02234,0.02177
1315,0.02234,0.02178
1316,0.02232,0.02182
1317,0.02231,0.02178
1318,0.02229,0.02178
1319,0.02233,0.02185
1320,0.02235,0.02189
1321,0.02223,0.02187
1322,0.02231,0.02185
1323,0.0222,0.0219
1324,0.02224,0.02189
1325,0.0222,0.02188
1326,0.02221,0.02189
1327,0.02221,0.02188
1328,0.02221,0.02191
1329,0.02224,0.02194
1330,0.02219,0.02194
1331,0.02221,0.02194
1332,0.02214,0.02199
1333,0.02224,0.02199
1334,0.02219,0.0219
1335,0.02222,0.02188
1336,0.02225,0.02187
1337,0.02225,0.02188
1338,0.02232,0.02187
1339,0.02227,0.02188
1340,0.02225,0.02184
1341,0.02231,0.02186
1342,0.02233,0.02187
1343,0.0223,0.02183
1344,0.02231,0.02184
1345,0.02232,0.02184
1346,0.0223,0.02182
1347,0.02232,0.0218
1348,0.02229,0.02178
1349,0.02231,0.02184
1350,0.02232,0.02182
1351,0.02232,0.02181
1352,0.02233,0.02186
1353,0.02239,0.02178
1354,0.02237,0.02175
1355,0.02239,0.02177
1356,0.02238,0.0218
1357,0.02228,0.02184
1358,0.02225,0.02184
1359,0.02225,0.02193
1360,0.02233,0.02185
1361,0.0223,0.02184
1362,0.02235,0.02186
1363,0.02234,0.02182
1364,0.02236,0.02183
1365,0.02243,0.02181
1366,0.02244,0.02181
1367,0.02242,0.02177
1368,0.02233,0.02179
1369,0.02233,0.02184
1370,0.02233,0.02182
1371,0.02238,0.02174
1372,0.02235,0.02186
1373,0.02231,0.0218
1374,0.02237,0.02181
1375,0.02229,0.02182
1376,0.0223,0.02182
1377,0.0223,0.02176
1378,0.02236,0.02184
1379,0.02228,0.02186
1380,0.02226,0.02187
1381,0.02225,0.02193
1382,0.02226,0.02194
1383,0.02229,0.02194
1384,0.0223,0.02191
1385,0.02231,0.02182
1386,0.02226,0.02187
1387,0.02224,0.02182
1388,0.02224,0.02189
1389,0.02226,0.02191
1390,0.02223,0.02195
1391,0.02228,0.02187
1392,0.02228,0.02187
1393,0.0223,0.02183
1394,0.02232,0.02185
1395,0.02232,0.0218
1396,0.0223,0.02181
1397,0.02234,0.0218
1398,0.02229,0.02183
1399,0.0223,0.02187
1400,0.02229,0.02184
1401,0.02234,0.02181
1402,0.02232,0.02179
1403,0.02236,0.02178
1404,0.02231,0.02181
1405,0.02231,0.02183
1406,0.02232,0.02186
1407,0.0223,0.02186
1408,0.0223,0.02184
1409,0.02231,0.02181
1410,0.02234,0.02182
1411,0.02234,0.02183
1412,0.02239,0.02176
1413,0.02239,0.02175
1414,0.02237,0.02175
1415,0.02242,0.02177
1416,0.02239,0.02174
1417,0.0224,0.02174
1418,0.02243,0.02175
1419,0.02238,0.02174
1420,0.02234,0.02177
1421,0.02247,0.02178
1422,0.02242,0.02171
1423,0.02242,0.0217
1424,0.02238,0.02178
1425,0.02236,0.02189
1426,0.02225,0.02186
1427,0.02225,0.02184
1428,0.02224,0.02188
1429,0.02224,0.02188
1430,0.0223,0.02191
1431,0.02232,0.02182
1432,0.02223,0.02186
1433,0.02228,0.0218
1434,0.02229,0.02185
1435,0.02234,0.02184
1436,0.02229,0.02187
1437,0.02233,0.02184
1438,0.0223,0.02186
1439,0.0223,0.02187
1440,0.02227,0.02189
1441,0.02225,0.02193
1442,0.02226,0.02193
1443,0.02225,0.02193
1444,0.02225,0.02191
1445,0.02224,0.02189
1446,0.02227,0.02187
1447,0.02221,0.02188
1448,0.02231,0.02185
1449,0.02225,0.02182
1450,0.02226,0.02187
1451,0.02224,0.02191
1452,0.0222,0.02193
1453,0.02222,0.0219
1454,0.0222,0.02194
1455,0.02226,0.02196
1456,0.02234,0.02188
1457,0.0223,0.0219
1458,0.02226,0.02184
1459,0.02229,0.02193
1460,0.02221,0.02191
1461,0.02228,0.02194
1462,0.02233,0.02187
1463,0.02225,0.02193
1464,0.02225,0.02191
1465,0.02222,0.02191
1466,0.02227,0.02188
1467,0.02224,0.02186
1468,0.02227,0.02184
1469,0.02225,0.02184
1470,0.02235,0.02185
1471,0.02235,0.02177
1472,0.02233,0.02176
1473,0.02233,0.02186
1474,0.02234,0.02188
1475,0.02227,0.02182
1476,0.0223,0.02186
1477,0.02223,0.02188
1478,0.02224,0.02188
1479,0.02225,0.02184
1480,0.02226,0.02185
1481,0.02233,0.02186
1482,0.02222,0.02197
1483,0.02225,0.02193
1484,0.02226,0.02193
1485,0.02222,0.02194
1486,0.02228,0.02192
1487,0.02228,0.02192
1488,0.02229,0.02194
1489,0.02228,0.02184
1490,0.02225,0.02183
1491,0.02225,0.02185
1492,0.02224,0.02187
1493,0.02223,0.02188
1494,0.02226,0.02194
1495,0.02229,0.02192
1496,0.0222,0.02195
1497,0.02218,0.02198
1498,0.02214,0.02204
1499,0.02211,0.02201
1500,0.02217,0.02198
1501,0.02219,0.022
1502,0.02218,0.02198
1503,0.02224,0.02201
1504,0.02223,0.02188
1505,0.02222,0.02189
1506,0.02222,0.02192
1507,0.02224,0.02191
1508,0.0222,0.02192
1509,0.02222,0.02193
1510,0.02223,0.02185
1511,0.02226,0.02189
1512,0.0222,0.02186
1513,0.02225,0.02188
1514,0.02227,0.02191
1515,0.02227,0.02185
1516,0.02232,0.02185
1517,0.02232,0.02185
1518,0.02232,0.02183
1519,0.02232,0.02178
1520,0.02233,0.02191
1521,0.02221,0.02183
1522,0.02231,0.02181
1523,0.02231,0.02184
1524,0.0223,0.02178
1525,0.02236,0.02181
1526,0.02232,0.02183
1527,0.02233,0.02183
1528,0.02233,0.02183
1529,0.02232,0.02186
1530,0.02232,0.02184
1531,0.02231,0.02182
1532,0.02229,0.02184
1533,0.02232,0.02181
1534,0.02238,0.02183
1535,0.02243,0.02177
1536,0.02241,0.02174
1537,0.02242,0.02177
1538,0.02244,0.02176
1539,0.02236,0.02173
1540,0.02241,0.02179
1541,0.0224,0.02172
1542,0.02241,0.02172
1543,0.02242,0.02172
1544,0.02237,0.02174
1545,0.02234,0.0218
1546,0.02241,0.02177
1547,0.02237,0.02176
1548,0.02242,0.02176
1549,0.02238,0.02171
1550,0.02243,0.02171
1551,0.02237,0.0217
1552,0.02238,0.02174
1553,0.02237,0.02175
1554,0.0224,0.02174
1555,0.0224,0.02171
1556,0.02241,0.02171
1557,0.02241,0.02177
1558,0.0224,0.02172
1559,0.02243,0.02169
1560,0.0224,0.0217
1561,0.02246,0.02171
1562,0.02238,0.0217
1563,0.02241,0.02169
1564,0.02238,0.02174
1565,0.02243,0.02169
1566,0.02238,0.02173
1567,0.02242,0.02174
1568,0.02243,0.02172
1569,0.02237,0.02176
1570,0.02239,0.02172
1571,0.02239,0.02172
1572,0.02249,0.02171
1573,0.02241,0.0217
1574,0.02243,0.02171
1575,0.02241,0.02174
1576,0.02242,0.02168
1577,0.02242,0.02175
1578,0.02245,0.02169
1579,0.02245,0.02175
1580,0.02236,0.02176
1581,0.02237,0.02177
1582,0.02242,0.02174
1583,0.02238,0.02175
1584,0.02233,0.02176
1585,0.02233,0.02174
1586,0.02241,0.02178
1587,0.02241,0.02174
1588,0.0224,0.02176
1589,0.0224,0.02172
1590,0.02242,0.02167
1591,0.0225,0.02169
1592,0.02248,0.02176
1593,0.02237,0.02177
1594,0.02245,0.02178
1595,0.02237,0.02178
1596,0.02237,0.02178
1597,0.02237,0.0217
1598,0.02241,0.02173
1599,0.02236,0.0218
1600,0.02239,0.02174
1601,0.02236,0.02173
1602,0.02244,0.02176
1603,0.02242,0.02172
1604,0.02237,0.02174
1605,0.02234,0.02183
1606,0.02241,0.02187
1607,0.02232,0.02188
1608,0.02221,0.02196
1609,0.02232,0.02193
1610,0.02231,0.02185
1611,0.02232,0.02192
1612,0.02229,0.02198
1613,0.02229,0.02195
1614,0.02228,0.02186
1615,0.02228,0.02184
1616,0.02228,0.02187
1617,0.02229,0.02185
1618,0.02232,0.02186
1619,0.02235,0.02184
1620,0.0223,0.02181
1621,0.02229,0.02183
1622,0.02231,0.0218
1623,0.02234,0.02182
1624,0.02236,0.02185
1625,0.02235,0.02181
1626,0.02236,0.02181
1627,0.02236,0.02184
1628,0.0224,0.02188
1629,0.02237,0.02187
1630,0.02235,0.02181
1631,0.02239,0.02183
1632,0.0223,0.02182
1633,0.0223,0.02178
1634,0.02231,0.02183
1635,0.02235,0.02181
1636,0.02234,0.02181
1637,0.0223,0.02195
1638,0.02231,0.02185
1639,0.02234,0.02179
1640,0.02239,0.02181
1641,0.0224,0.02186
1642,0.02228,0.02186
1643,0.02233,0.02184
1644,0.02229,0.02181
1645,0.02229,0.02185
1646,0.02226,0.02182
1647,0.02229,0.02186
1648,0.02232,0.02184
1649,0.02225,0.02185
1650,0.02226,0.02188
1651,0.0223,0.02185
1652,0.02225,0.02184
1653,0.02225,0.02182
1654,0.02232,0.02183
1655,0.02227,0.02185
1656,0.02229,0.02197
1657,0.02219,0.02194
1658,0.02223,0.02194
1659,0.02219,0.02194
1660,0.02218,0.02194
1661,0.02218,0.02194
1662,0.02223,0.02192
1663,0.02218,0.02198
1664,0.02219,0.02198
1665,0.02217,0.02201
1666,0.02223,0.02197
1667,0.02222,0.02188
1668,0.02215,0.02194
1669,0.02222,0.02189
1670,0.02227,0.02189
1671,0.02232,0.02188
1672,0.02224,0.02195
1673,0.0222,0.02193
1674,0.02219,0.0219
1675,0.02217,0.02197
1676,0.02215,0.02197
1677,0.02219,0.02197
1678,0.02215,0.02195
1679,0.02215,0.02196
1680,0.02216,0.022
1681,0.02221,0.02194
1682,0.02216,0.02193
1683,0.02217,0.02196
1684,0.02222,0.02194
1685,0.02215,0.02193
1686,0.02214,0.02195
1687,0.0222,0.02196
1688,0.02219,0.02197
1689,0.02215,0.02197
1690,0.02213,0.02204
1691,0.02214,0.022
1692,0.02218,0.02201
1693,0.02218,0.02197
1694,0.02214,0.02198
1695,0.02217,0.02197
1696,0.02218,0.02194
1697,0.02221,0.02192
1698,0.0222,0.02192
1699,0.02226,0.0219
1700,0.02223,0.02189
1701,0.02219,0.02195
1702,0.02221,0.02199
1703,0.02225,0.02193
1704,0.02216,0.02195
1705,0.02223,0.02193
1706,0.02225,0.02193
1707,0.0223,0.02192
1708,0.0223,0.02189
1709,0.02226,0.0219
1710,0.02223,0.02189
1711,0.02226,0.02186
1712,0.02228,0.02188
1713,0.02227,0.02197
1714,0.02225,0.02192
1715,0.02221,0.02193
1716,0.02223,0.02191
1717,0.02225,0.02192
1718,0.02221,0.02201
1719,0.0221,0.02204
1720,0.0221,0.022
1721,0.02215,0.02199
1722,0.02213,0.02203
1723,0.0221,0.02201
1724,0.02211,0.02202
1725,0.0221,0.02203
1726,0.02214,0.02201
1727,0.02213,0.02201
1728,0.02205,0.02207
1729,0.02208,0.02203
1730,0.02208,0.02204
1731,0.02217,0.02203
1732,0.0221,0.02203
1733,0.0221,0.02199
1734,0.02215,0.02196
1735,0.02214,0.02205
1736,0.0221,0.02203
1737,0.02209,0.02207
1738,0.0221,0.02202
1739,0.02208,0.02209
1740,0.02215,0.02208
1741,0.02211,0.02201
1742,0.02209,0.022
1743,0.02213,0.02198
1744,0.0221,0.02205
1745,0.02211,0.02202
1746,0.0222,0.02204
1747,0.02213,0.02203
1748,0.02214,0.02204
1749,0.02211,0.02202
1750,0.02214,0.02204
1751,0.02215,0.02197
1752,0.02217,0.02195
1753,0.02215,0.022
1754,0.02223,0.02198
1755,0.02223,0.02198
1756,0.02219,0.02193
1757,0.0222,0.02193
1758,0.02224,0.02189
1759,0.02224,0.02186
1760,0.02224,0.02191
1761,0.02219,0.02192
1762,0.02219,0.02194
1763,0.02221,0.02193
1764,0.02222,0.02191
1765,0.02222,0.02195
1766,0.02219,0.02191
1767,0.02226,0.02196
1768,0.02217,0.02193
1769,0.02222,0.02192
1770,0.02224,0.02189
1771,0.02224,0.02187
1772,0.02222,0.02188
1773,0.02231,0.02188
1774,0.0223,0.02184
1775,0.02232,0.02188
1776,0.02228,0.02184
1777,0.02233,0.02191
1778,0.02228,0.02192
1779,0.02221,0.02189
1780,0.02232,0.02188
1781,0.02225,0.02186
1782,0.02228,0.02189
1783,0.02233,0.02181
1784,0.02237,0.02181
1785,0.02237,0.02181
1786,0.02243,0.02177
1787,0.0224,0.02175
1788,0.02239,0.02178
1789,0.02239,0.02173
1790,0.02242,0.02173
1791,0.02245,0.02176
1792,0.02243,0.02178
1793,0.02238,0.02176
1794,0.02237,0.02176
1795,0.02233,0.02179
1796,0.02233,0.0218
1797,0.02236,0.0218
1798,0.02235,0.0218
1799,0.02234,0.02177
1800,0.02236,0.02185
1801,0.02233,0.02183
1802,0.02227,0.02181
1803,0.0223,0.02185
1804,0.02227,0.02193
1805,0.02218,0.02194
1806,0.02218,0.022
1807,0.02215,0.02196
1808,0.02214,0.02201
1809,0.02213,0.02202
1810,0.02208,0.02199
1811,0.0222,0.02202
1812,0.02222,0.02191
1813,0.02217,0.02189
1814,0.02224,0.0219
1815,0.02228,0.02188
1816,0.0222,0.02188
1817,0.02223,0.02191
1818,0.02224,0.02185
1819,0.02228,0.02188
1820,0.02225,0.02194
1821,0.02218,0.02192
1822,0.02221,0.0219
1823,0.02229,0.0219
1824,0.02227,0.02186
1825,0.02223,0.02191
1826,0.02225,0.02188
1827,0.02224,0.02192
1828,0.02229,0.0219
1829,0.02225,0.02194
1830,0.0223,0.0219
1831,0.02233,0.02184
1832,0.02234,0.02186
1833,0.02233,0.02183
1834,0.02231,0.0218
1835,0.02233,0.0218
1836,0.02232,0.02182
1837,0.02231,0.02179
1838,0.0223,0.02178
1839,0.02232,0.02182
1840,0.02231,0.02181
1841,0.02232,0.02183
1842,0.02226,0.02195
1843,0.0223,0.02186
1844,0.02232,0.02179
1845,0.02231,0.02179
1846,0.02236,0.02178
1847,0.02232,0.02185
1848,0.02232,0.02184
1849,0.02231,0.02185
1850,0.0223,0.02188
1851,0.02233,0.0218
1852,0.02235,0.02176
1853,0.02236,0.02179
1854,0.02233,0.02179
1855,0.02242,0.02178
1856,0.02247,0.0217
1857,0.02243,0.02167
1858,0.02242,0.02173
1859,0.0224,0.02173
1860,0.02236,0.02168
1861,0.02245,0.02175
1862,0.02244,0.02169
1863,0.0225,0.02172
1864,0.02242,0.02169
1865,0.02249,0.02169
1866,0.02249,0.02165
1867,0.02248,0.02168
1868,0.02244,0.02166
1869,0.02245,0.0217
1870,0.02251,0.02164
1871,0.02257,0.02161
1872,0.02254,0.02158
1873,0.02251,0.02166
1874,0.02249,0.02161
1875,0.02249,0.0216
1876,0.02253,0.0216
1877,0.02251,0.02159
1878,0.0225,0.02156
1879,0.02252,0.02159
1880,0.02254,0.02159
1881,0.02248,0.02162
1882,0.02249,0.02166
1883,0.02246,0.02169
1884,0.02245,0.02173
1885,0.02241,0.02173
1886,0.02251,0.02169
1887,0.0224,0.02169
1888,0.0224,0.02172
1889,0.02238,0.02171
1890,0.0224,0.02171
1891,0.02238,0.02171
1892,0.0224,0.02173
1893,0.02242,0.02168
1894,0.02241,0.02173
1895,0.0224,0.02178
1896,0.02237,0.02179
1897,0.02234,0.02179
1898,0.02234,0.02179
1899,0.02229,0.0218
1900,0.02229,0.02187
1901,0.02233,0.02183
1902,0.02231,0.02181
1903,0.0224,0.02176
1904,0.02237,0.02179
1905,0.02239,0.02184
1906,0.0224,0.02181
1907,0.02235,0.02179
1908,0.02239,0.02174
1909,0.02241,0.02173
1910,0.02236,0.02173
1911,0.02234,0.02176
1912,0.02237,0.02176
1913,0.02239,0.02178
1914,0.02232,0.02179
1915,0.02238,0.02175
1916,0.02239,0.02175
1917,0.02235,0.02177
1918,0.02237,0.02188
1919,0.02226,0.02183
1920,0.02229,0.02184
1921,0.02229,0.02189
1922,0.02228,0.02186
1923,0.02228,0.02192
1924,0.02222,0.02188
1925,0.02227,0.0219
1926,0.02221,0.02196
1927,0.0222,0.0219
1928,0.02218,0.0219
1929,0.02218,0.02198
1930,0.02218,0.02195
1931,0.02218,0.022
1932,0.0222,0.02196
1933,0.02215,0.02195
1934,0.02219,0.02195
1935,0.02219,0.02196
1936,0.0222,0.02193
1937,0.02217,0.02197
1938,0.02216,0.02202
1939,0.02217,0.02197
1940,0.02214,0.02196
1941,0.02211,0.022
1942,0.02211,0.02202
1943,0.02215,0.02202
1944,0.02213,0.022
1945,0.02211,0.02201
1946,0.02204,0.02204
1947,0.0221,0.02199
1948,0.02217,0.02203
1949,0.02219,0.02194
1950,0.02212,0.02198
1951,0.02213,0.022
1952,0.02212,0.02203
1953,0.02219,0.02201
1954,0.02218,0.022
1955,0.02211,0.02201
1956,0.0221,0.02209
1957,0.02208,0.02209
1958,0.02207,0.02214
1959,0.022,0.02212
1960,0.02204,0.02211
1961,0.02203,0.02208
1962,0.02203,0.02209
1963,0.02204,0.02212
1964,0.02206,0.0221
1965,0.02207,0.02211
1966,0.02209,0.0221
1967,0.02207,0.02204
1968,0.02205,0.02204
1969,0.02207,0.02207
1970,0.02209,0.0221
1971,0.02204,0.02204
1972,0.02214,0.02203
1973,0.02214,0.02204
1974,0.02211,0.022
1975,0.02221,0.022
1976,0.02221,0.02198
1977,0.02216,0.02196
1978,0.02215,0.02197
1979,0.02217,0.022
1980,0.02222,0.02193
1981,0.02221,0.02199
1982,0.02218,0.02201
1983,0.02213,0.02199
1984,0.02213,0.02205
1985,0.02207,0.02202
1986,0.02206,0.02209
1987,0.02215,0.02207
1988,0.02218,0.02206
1989,0.02213,0.02205
1990,0.02212,0.02209
1991,0.0221,0.022
1992,0.02212,0.02204
1993,0.02213,0.02203
1994,0.02212,0.02211
1995,0.022,0.02213
1996,0.02208,0.02212
1997,0.02206,0.02211
1998,0.02215,0.02201
1999,0.02214,0.02205
2000,0.02207,0.02206
2001,0.02206,0.02206
2002,0.02207,0.02208
2003,0.02205,0.02206
2004,0.02214,0.0221
2005,0.02216,0.02203
2006,0.0221,0.02203
2007,0.02212,0.02199
2008,0.02213,0.02205
2009,0.02208,0.02213
2010,0.02216,0.02216
2011,0.02212,0.02212
2012,0.02202,0.02212
2013,0.02205,0.02212
2014,0.02203,0.0222
2015,0.02205,0.02219
2016,0.022,0.0221
2017,0.02203,0.02211
2018,0.02204,0.02212
2019,0.02201,0.02212
2020,0.02207,0.02211
2021,0.02208,0.02214
2022,0.022,0.02212
2023,0.02203,0.02219
2024,0.02205,0.02211
2025,0.02205,0.02207
2026,0.02205,0.02207
2027,0.02211,0.02206
2028,0.02212,0.02202
2029,0.02209,0.022
2030,0.02209,0.02206
2031,0.02209,0.02207
2032,0.02209,0.02208
2033,0.02215,0.02208
2034,0.02221,0.02206
2035,0.0222,0.02194
2036,0.02226,0.02195
2037,0.02223,0.02194
2038,0.02222,0.02194
2039,0.02221,0.02194
2040,0.02227,0.02192
2041,0.02223,0.02192
2042,0.02223,0.02193
2043,0.02228,0.02184
2044,0.02229,0.02184
2045,0.02223,0.02194
2046,0.02224,0.02192
2047,0.02231,0.02188
2048,0.02226,0.02192
2049,0.02221,0.02186
2050,0.02223,0.02193
2051,0.0222,0.02195
2052,0.02217,0.02197
2053,0.02222,0.02193
2054,0.02219,0.02189
2055,0.02221,0.02189
2056,0.02219,0.02188
2057,0.02229,0.0219
2058,0.02225,0.02194
2059,0.02226,0.02188
2060,0.02231,0.0219
2061,0.02229,0.02186
2062,0.02233,0.02185
2063,0.02224,0.02191
2064,0.02218,0.02189
2065,0.02221,0.02192
2066,0.02224,0.0219
2067,0.0222,0.02189
2068,0.02224,0.02191
2069,0.02227,0.02191
2070,0.02228,0.0219
2071,0.02226,0.02192
2072,0.02223,0.02191
2073,0.02223,0.02187
2074,0.02222,0.02193
2075,0.02226,0.02187
2076,0.02235,0.02187
2077,0.02235,0.02181
2078,0.02234,0.02186
2079,0.02226,0.02193
2080,0.02223,0.02194
2081,0.02223,0.02195
2082,0.02222,0.02194
2083,0.02219,0.02195
2084,0.02224,0.02195
2085,0.02224,0.02195
2086,0.02225,0.02192
2087,0.02226,0.02192
2088,0.0223,0.02184
2089,0.0223,0.02186
2090,0.02229,0.02184
2091,0.02232,0.02183
2092,0.02235,0.02183
2093,0.02229,0.02185
2094,0.02228,0.02183
2095,0.02228,0.02186
2096,0.02229,0.0218
2097,0.02226,0.02185
2098,0.02238,0.02183
2099,0.02237,0.02177
2100,0.02232,0.02178
2101,0.02231,0.02185
2102,0.02228,0.02183
2103,0.02228,0.02186
2104,0.02232,0.0218
2105,0.0223,0.02187
2106,0.02227,0.02185
2107,0.02227,0.02184
2108,0.02226,0.02182
2109,0.02229,0.02182
2110,0.02231,0.0218
2111,0.02239,0.02185
2112,0.02237,0.02184
2113,0.02237,0.02172
2114,0.02239,0.02173
2115,0.02242,0.0217
2116,0.02238,0.02174
2117,0.02239,0.02171
2118,0.02245,0.02174
2119,0.02249,0.02172
2120,0.02244,0.0218
2121,0.02234,0.02178
2122,0.02241,0.02176
2123,0.02243,0.02167
2124,0.02243,0.02168
2125,0.02239,0.02171
2126,0.02243,0.02174
2127,0.02244,0.02164
2128,0.02253,0.02164
2129,0.02247,0.02165
2130,0.02249,0.0216
2131,0.02244,0.02169
2132,0.02251,0.02164
2133,0.02253,0.02169
2134,0.02249,0.02168
2135,0.02252,0.02161
2136,0.0225,0.02164
2137,0.0225,0.02176
2138,0.02244,0.0217
2139,0.02245,0.02169
2140,0.0224,0.02171
2141,0.02242,0.0217
2142,0.02241,0.02174
2143,0.02241,0.02176
2144,0.02242,0.02174
2145,0.02238,0.02173
2146,0.02238,0.02173
2147,0.02236,0.02177
2148,0.02236,0.02185
2149,0.0223,0.0218
2150,0.02224,0.02185
2151,0.0223,0.02182
2152,0.02234,0.02188
2153,0.02224,0.0219
2154,0.02224,0.02194
2155,0.02225,0.0219
2156,0.02224,0.02193
2157,0.02221,0.02194
2158,0.02224,0.02192
2159,0.0223,0.02196
2160,0.02228,0.02192
2161,0.02221,0.02189
2162,0.02219,0.02188
2163,0.02228,0.02192
2164,0.0222,0.02193
2165,0.0222,0.02199
2166,0.0222,0.02193
2167,0.02228,0.0219
2168,0.02226,0.02191
2169,0.02229,0.02185
2170,0.02226,0.02189
2171,0.02225,0.02191
2172,0.02223,0.02186
2173,0.02226,0.02186
2174,0.02223,0.02189
2175,0.02226,0.02188
2176,0.02223,0.02186
2177,0.02228,0.02189
2178,0.02231,0.02187
2179,0.02233,0.02184
2180,0.02231,0.02189
2181,0.02229,0.02182
2182,0.02234,0.02184
2183,0.02234,0.02184
2184,0.02236,0.02176
2185,0.02232,0.02179
2186,0.0223,0.0218
2187,0.02239,0.0218
2188,0.02239,0.02174
2189,0.02238,0.02175
2190,0.02239,0.02177
2191,0.02238,0.02177
2192,0.02239,0.02183
2193,0.02231,0.02183
2194,0.02234,0.02177
2195,0.0223,0.02182
2196,0.02229,0.0218
2197,0.02227,0.02183
2198,0.02228,0.02182
2199,0.02231,0.02181
2200,0.02229,0.02184
2201,0.02229,0.02183
2202,0.02231,0.02193
2203,0.02227,0.02195
2204,0.02227,0.02197
2205,0.02228,0.02197
2206,0.02219,0.02194
2207,0.02223,0.02197
2208,0.02219,0.02195
2209,0.02217,0.02189
2210,0.02219,0.02192
2211,0.02219,0.02191
2212,0.02221,0.02198
2213,0.02215,0.02196
2214,0.02219,0.02198
2215,0.0222,0.02195
2216,0.0222,0.02199
2217,0.02217,0.022
2218,0.02218,0.02204
2219,0.02221,0.02203
2220,0.02222,0.02194
2221,0.02219,0.02198
2222,0.02213,0.02198
2223,0.02211,0.022
2224,0.02219,0.02198
2225,0.02225,0.02197
2226,0.02225,0.02191
2227,0.02222,0.02195
2228,0.0222,0.02193
2229,0.02216,0.02199
2230,0.02218,0.02202
2231,0.02212,0.022
2232,0.02211,0.022
2233,0.02219,0.02202
2234,0.02208,0.02203
2235,0.02217,0.02199
2236,0.02213,0.02201
2237,0.02216,0.02196
2238,0.02215,0.02195
2239,0.02224,0.02194
2240,0.02226,0.0219
2241,0.02225,0.0219
2242,0.02223,0.02188
2243,0.02235,0.0219
2244,0.0222,0.0219
2245,0.02225,0.02188
2246,0.02228,0.0219
2247,0.02217,0.02195
2248,0.02229,0.02194
2249,0.02225,0.02202
2250,0.02211,0.02204
2251,0.02219,0.02198
2252,0.02225,0.02199
2253,0.02224,0.0219
2254,0.02222,0.02194
2255,0.02226,0.02187
2256,0.02223,0.02195
2257,0.02219,0.0219
2258,0.02223,0.02196
2259,0.02219,0.02191
2260,0.02223,0.02193
2261,0.02219,0.02192
2262,0.02218,0.02194
2263,0.02226,0.02191
2264,0.02227,0.02188
2265,0.02227,0.02188
2266,0.02228,0.02186
2267,0.02229,0.02189
2268,0.02231,0.02193
2269,0.02228,0.02186
2270,0.02223,0.0219
2271,0.02225,0.02188
2272,0.0223,0.0219
2273,0.0222,0.02193
2274,0.02221,0.02191
2275,0.02225,0.02192
2276,0.02225,0.02192
2277,0.02227,0.0219
2278,0.02231,0.02194
2279,0.02233,0.02183
2280,0.02229,0.02189
2281,0.02228,0.02192
2282,0.02215,0.02203
2283,0.0222,0.02196
2284,0.02218,0.02195
2285,0.0222,0.02197
2286,0.02221,0.02197
2287,0.0222,0.02197
2288,0.02223,0.02188
2289,0.02226,0.02187
2290,0.02228,0.02188
2291,0.02223,0.02186
2292,0.02223,0.02193
2293,0.02229,0.02194
2294,0.0222,0.02193
2295,0.0223,0.02193
2296,0.02224,0.02192
2297,0.02225,0.02193
2298,0.02218,0.02193
2299,0.02224,0.02191
2300,0.02225,0.02189
2301,0.02228,0.0219
2302,0.02223,0.0219
2303,0.02232,0.02194
2304,0.02235,0.02181
2305,0.02232,0.02182
2306,0.02232,0.02182
2307,0.02232,0.02188
2308,0.02224,0.0219
2309,0.02227,0.02184
2310,0.02225,0.02191
2311,0.02226,0.02193
2312,0.02218,0.0219
2313,0.02223,0.02192
2314,0.02225,0.02198
2315,0.02226,0.02197
2316,0.02214,0.02196
2317,0.02224,0.02195
2318,0.02218,0.02193
2319,0.02214,0.02199
2320,0.02219,0.02194
2321,0.02226,0.02187
2322,0.02217,0.02188
2323,0.02221,0.0219
2324,0.0222,0.02192
2325,0.02216,0.02193
2326,0.02222,0.02199
2327,0.02221,0.02196
2328,0.02225,0.02194
2329,0.02219,0.02194
2330,0.02222,0.02192
2331,0.02225,0.02191
2332,0.02219,0.02191
2333,0.02222,0.02193
2334,0.02222,0.02187
2335,0.02226,0.02191
2336,0.02226,0.02191
2337,0.02228,0.02188
2338,0.02226,0.02188
2339,0.02229,0.02189
2340,0.02224,0.02192
2341,0.02228,0.02189
2342,0.02222,0.0219
2343,0.02223,0.02192
2344,0.02218,0.02195
2345,0.02221,0.02187
2346,0.02222,0.02192
2347,0.0222,0.02188
2348,0.02221,0.02192
2349,0.02225,0.02186
2350,0.02233,0.02185
2351,0.02234,0.02177
2352,0.02236,0.02178
2353,0.02246,0.02176
2354,0.02242,0.02173
2355,0.02243,0.02176
2356,0.02243,0.02173
2357,0.02241,0.02172
2358,0.02243,0.02166
2359,0.02243,0.0217
2360,0.02244,0.02167
2361,0.02254,0.02173
2362,0.02252,0.02175
2363,0.02252,0.02164
2364,0.02243,0.02164
2365,0.02244,0.02173
2366,0.02252,0.02164
2367,0.02252,0.02163
2368,0.0225,0.02165
2369,0.02247,0.02163
2370,0.02243,0.02165
2371,0.02254,0.02165
2372,0.02252,0.02168
2373,0.02253,0.02162
2374,0.02253,0.02155
2375,0.02252,0.0216
2376,0.02249,0.02166
2377,0.02256,0.02158
2378,0.02256,0.02163
2379,0.02252,0.02159
2380,0.02255,0.02162
2381,0.02256,0.02156
2382,0.02256,0.02162
2383,0.02257,0.02161
2384,0.02253,0.02163
2385,0.0225,0.02159
2386,0.02252,0.02157
2387,0.02255,0.02166
2388,0.02248,0.02165
2389,0.02243,0.02172
2390,0.02239,0.02174
2391,0.02239,0.02173
2392,0.02237,0.02177
2393,0.02249,0.02178
2394,0.02251,0.02182
2395,0.02237,0.02177
2396,0.02239,0.02179
2397,0.02233,0.02182
2398,0.02233,0.02183
2399,0.02239,0.02175
2400,0.02235,0.02176
2401,0.02243,0.02175
2402,0.02242,0.02172
2403,0.02237,0.02172
2404,0.02251,0.0217
2405,0.02243,0.02171
2406,0.02249,0.02169
2407,0.02247,0.02171
2408,0.02249,0.02166
2409,0.0225,0.0217
2410,0.02249,0.02171
2411,0.02247,0.02173
2412,0.02248,0.02168
2413,0.02248,0.02172
2414,0.02245,0.02168
2415,0.02241,0.02169
2416,0.02241,0.02177
2417,0.02236,0.02178
2418,0.02232,0.02177
2419,0.02234,0.02183
2420,0.02239,0.02184
2421,0.02228,0.02184
2422,0.02237,0.02186
2423,0.02233,0.02183
2424,0.02235,0.02186
2425,0.02234,0.02179
2426,0.02233,0.0218
2427,0.02238,0.02181
2428,0.02241,0.02176
2429,0.02237,0.02176
2430,0.02236,0.02175
2431,0.02232,0.02177
2432,0.02235,0.02179
2433,0.02249,0.02177
2434,0.02255,0.02166
2435,0.02248,0.02164
2436,0.02246,0.02171
2437,0.0225,0.02164
2438,0.02245,0.02173
2439,0.02243,0.02172
2440,0.02244,0.02164
2441,0.02243,0.02166
2442,0.02247,0.02167
2443,0.02247,0.0217
2444,0.02241,0.0217
2445,0.02247,0.02169
2446,0.02255,0.02164
2447,0.0226,0.02156
2448,0.02259,0.02161
2449,0.02253,0.02156
2450,0.02255,0.02162
2451,0.02249,0.02162
2452,0.02253,0.0216
2453,0.02261,0.02156
2454,0.02265,0.02152
2455,0.0226,0.02152
2456,0.02262,0.02152
2457,0.02261,0.02157
2458,0.02254,0.02159
2459,0.02253,0.02162
2460,0.02259,0.02161
2461,0.0226,0.02153
2462,0.02258,0.02151
2463,0.02262,0.02155
2464,0.02259,0.02155
2465,0.02259,0.0215
2466,0.02265,0.02153
2467,0.02255,0.02155
2468,0.02259,0.02152
2469,0.02257,0.02155
2470,0.02262,0.02152
2471,0.02261,0.02143
2472,0.02263,0.02146
2473,0.02263,0.02151
2474,0.02261,0.02147
2475,0.02264,0.02147
2476,0.02262,0.02148
2477,0.02263,0.0215
2478,0.02265,0.0215
2479,0.02265,0.02151
2480,0.02266,0.02144
2481,0.02264,0.02146
2482,0.02259,0.02153
2483,0.02256,0.02154
2484,0.0226,0.02161
2485,0.02261,0.02159
2486,0.02254,0.02158
2487,0.02251,0.02158
2488,0.0225,0.02154
2489,0.02256,0.0216
2490,0.02262,0.02159
2491,0.02262,0.02156
2492,0.02258,0.0216
2493,0.02253,0.02157
2494,0.02252,0.02157
2495,0.02254,0.02162
2496,0.02256,0.02156
2497,0.0226,0.02152
2498,0.02257,0.02153
2499,0.02262,0.02156
2500,0.02257,0.02151
2501,0.0226,0.02153
2502,0.02266,0.02153
2503,0.02267,0.02148
2504,0.02262,0.02147
2505,0.02269,0.02157
2506,0.02257,0.02156
2507,0.02259,0.02153
2508,0.02259,0.02156
2509,0.02259,0.02157
2510,0.02253,0.02157
2511,0.02253,0.02154
2512,0.0225,0.02157
2513,0.02253,0.02158
2514,0.02254,0.02157
2515,0.02255,0.02153
2516,0.02258,0.02154
2517,0.02259,0.02158
2518,0.02256,0.02159
2519,0.02256,0.02159
2520,0.02251,0.02161
2521,0.02248,0.02161
2522,0.02253,0.02172
2523,0.02244,0.02167
2524,0.02244,0.02167
2525,0.02241,0.02169
2526,0.02244,0.02169
2527,0.02239,0.02175
2528,0.02243,0.02171
2529,0.02245,0.02171
2530,0.02251,0.02165
2531,0.02249,0.02177
2532,0.02242,0.02176
2533,0.02236,0.02178
2534,0.02231,0.02176
2535,0.0224,0.02176
2536,0.0224,0.02175
2537,0.02239,0.02173
2538,0.0224,0.02169
2539,0.02238,0.0218
2540,0.02233,0.02179
2541,0.02241,0.02182
2542,0.02238,0.02178
2543,0.02238,0.0218
2544,0.02242,0.02178
2545,0.02243,0.02175
2546,0.02242,0.02171
2547,0.02241,0.02175
2548,0.02236,0.02177
2549,0.02244,0.02177
2550,0.02238,0.02176
2551,0.0224,0.02175
2552,0.02244,0.02177
2553,0.02245,0.02172
2554,0.02239,0.02177
2555,0.0224,0.02175
2556,0.02233,0.0218
2557,0.02234,0.02175
2558,0.02241,0.02175
2559,0.02242,0.02179
2560,0.0224,0.02178
2561,0.0224,0.02171
2562,0.02239,0.02172
2563,0.02239,0.02176
2564,0.02244,0.02173
2565,0.0224,0.02177
2566,0.02236,0.02179
2567,0.02239,0.02168
2568,0.02241,0.02174
2569,0.02249,0.02174
2570,0.02247,0.02167
2571,0.02248,0.02166
2572,0.02246,0.02169
2573,0.02251,0.02173
2574,0.02239,0.02174
2575,0.02238,0.02175
2576,0.02238,0.02174
2577,0.02238,0.02177
2578,0.02243,0.02175
2579,0.02243,0.02168
2580,0.02247,0.02168
2581,0.02243,0.02173
2582,0.02238,0.0218
2583,0.02244,0.02172
2584,0.02234,0.02177
2585,0.02245,0.02173
2586,0.02237,0.02174
2587,0.02239,0.02173
2588,0.02238,0.02174
2589,0.02237,0.02176
2590,0.02236,0.02176
2591,0.02236,0.02177
2592,0.02236,0.02175
2593,0.02236,0.02174
2594,0.02236,0.02181
2595,0.02235,0.02174
2596,0.0224,0.02169
2597,0.0223,0.02181
2598,0.02232,0.02175
2599,0.02245,0.02175
2600,0.0224,0.02175
2601,0.02239,0.02171
2602,0.0224,0.02171
2603,0.02246,0.02176
2604,0.02247,0.02175
2605,0.02247,0.02175
2606,0.02239,0.02176
2607,0.02241,0.02174
2608,0.02245,0.02172
2609,0.02244,0.02177
2610,0.02248,0.0217
2611,0.02247,0.02168
2612,0.02247,0.02166
2613,0.02251,0.02164
2614,0.02244,0.02166
2615,0.02249,0.02169
2616,0.02248,0.02163
2617,0.0225,0.02161
2618,0.02254,0.02161
2619,0.02254,0.02161
2620,0.0225,0.02167
2621,0.02249,0.02161
2622,0.02246,0.02164
2623,0.02257,0.02167
2624,0.02257,0.02159
2625,0.02257,0.02164
2626,0.02255,0.02161
2627,0.02253,0.02155
2628,0.02263,0.02154
2629,0.02258,0.02154
2630,0.02256,0.0216
2631,0.02257,0.02159
2632,0.02252,0.02158
2633,0.02252,0.02156
2634,0.02249,0.02162
2635,0.02253,0.02163
2636,0.02252,0.02164
2637,0.02256,0.02163
2638,0.0225,0.0216
2639,0.02251,0.02159
2640,0.02249,0.02159
2641,0.02247,0.02169
2642,0.02246,0.02165
2643,0.02247,0.02167
2644,0.0225,0.02165
2645,0.02246,0.02166
2646,0.02244,0.02165
2647,0.02244,0.02166
2648,0.0225,0.02162
2649,0.0225,0.0216
2650,0.02251,0.02163
2651,0.02246,0.0216
2652,0.02249,0.02162
2653,0.02254,0.02168
2654,0.02241,0.0217
2655,0.02247,0.02171
2656,0.02239,0.02173
2657,0.0224,0.02173
2658,0.0224,0.02182
2659,0.02229,0.02182
2660,0.02225,0.02186
2661,0.02228,0.02189
2662,0.02236,0.02187
2663,0.02231,0.02184
2664,0.02229,0.02187
2665,0.02228,0.02184
2666,0.02233,0.02186
2667,0.02225,0.02187
2668,0.02224,0.0219
2669,0.02225,0.02193
2670,0.02221,0.02194
2671,0.0222,0.02193
2672,0.02217,0.02193
2673,0.02218,0.02195
2674,0.02222,0.02193
2675,0.02217,0.02196
2676,0.02217,0.02196
2677,0.02219,0.02199
2678,0.02218,0.022
2679,0.02212,0.02212
2680,0.02213,0.02204
2681,0.02212,0.02205
2682,0.02211,0.02202
2683,0.0221,0.02206
2684,0.02207,0.02199
2685,0.02211,0.02204
2686,0.02208,0.02207
2687,0.02219,0.02202
2688,0.02215,0.02198
2689,0.02215,0.02203
2690,0.02212,0.02205
2691,0.02207,0.02214
2692,0.0221,0.02211
2693,0.02201,0.02207
2694,0.02202,0.02206
2695,0.02211,0.02211
2696,0.0221,0.02211
2697,0.02209,0.02203
2698,0.02207,0.02202
2699,0.02212,0.02205
2700,0.0221,0.02204
2701,0.02213,0.02202
2702,0.02204,0.02212
2703,0.02208,0.02208
2704,0.0221,0.02205
2705,0.02216,0.02207
2706,0.02216,0.02205
2707,0.02219,0.0221
2708,0.02208,0.02202
2709,0.02212,0.02202
2710,0.02213,0.02199
2711,0.02219,0.02202
2712,0.02218,0.02204
2713,0.02213,0.02202
2714,0.02218,0.02199
2715,0.02216,0.02201
2716,0.02217,0.022
2717,0.02218,0.02198
2718,0.0222,0.02198
2719,0.02217,0.02199
2720,0.02216,0.02196
2721,0.02217,0.02195
2722,0.02216,0.02197
2723,0.02216,0.02197
2724,0.02214,0.02197
2725,0.02226,0.022
2726,0.02215,0.02197
2727,0.02213,0.02204
2728,0.02211,0.02197
2729,0.02218,0.02202
2730,0.02217,0.02198
2731,0.02218,0.02206
2732,0.02218,0.02207
2733,0.02218,0.02202
2734,0.02211,0.02198
2735,0.02215,0.022
2736,0.02216,0.02203
2737,0.0222,0.02196
2738,0.02221,0.02195
2739,0.02216,0.02198
2740,0.02215,0.02196
2741,0.02222,0.02208
2742,0.02212,0.022
2743,0.02213,0.02203
2744,0.02211,0.0221
2745,0.02215,0.02196
2746,0.02215,0.02194
2747,0.02217,0.02196
2748,0.0222,0.02196
2749,0.02227,0.02191
2750,0.02223,0.02189
2751,0.02225,0.02192
2752,0.02219,0.02194
2753,0.0222,0.02193
2754,0.02226,0.02196
2755,0.02226,0.02194
2756,0.02226,0.0219
2757,0.02225,0.02194
2758,0.02231,0.0219
2759,0.02227,0.02185
2760,0.0223,0.02185
2761,0.02225,0.02189
2762,0.02222,0.02188
2763,0.02219,0.0219
2764,0.02221,0.02197
2765,0.02224,0.02189
2766,0.02226,0.02192
2767,0.02227,0.0219
2768,0.02223,0.02193
2769,0.02224,0.02189
2770,0.02226,0.0219
2771,0.02223,0.0219
2772,0.02218,0.02199
2773,0.02215,0.02195
2774,0.02216,0.02195
2775,0.02211,0.02199
2776,0.02216,0.02194
2777,0.02213,0.02196
2778,0.02216,0.02199
2779,0.02217,0.02196
2780,0.02211,0.02201
2781,0.02215,0.02201
2782,0.02213,0.02207
2783,0.0222,0.02202
2784,0.02213,0.022
2785,0.02214,0.02201
2786,0.02213,0.02199
2787,0.02216,0.022
2788,0.02216,0.02197
2789,0.02215,0.02203
2790,0.02213,0.02202
2791,0.02217,0.02209
2792,0.02206,0.02209
2793,0.02212,0.02204
2794,0.02208,0.02202
2795,0.02211,0.02202
2796,0.02219,0.022
2797,0.02218,0.02195
2798,0.02218,0.02192
2799,0.02227,0.02192
2800,0.02222,0.02188
2801,0.02229,0.02187
2802,0.02229,0.02188
2803,0.02232,0.02189
2804,0.02233,0.02187
2805,0.02228,0.02186
2806,0.02232,0.02189
2807,0.02232,0.02181
2808,0.02226,0.02183
2809,0.02228,0.02179
2810,0.02233,0.02181
2811,0.02242,0.02178
2812,0.02237,0.02173
2813,0.02239,0.02175
2814,0.02236,0.02173
2815,0.02237,0.02176
2816,0.0224,0.02174
2817,0.02239,0.02179
2818,0.02237,0.0218
2819,0.02236,0.02181
2820,0.02242,0.02176
2821,0.02235,0.02175
2822,0.02237,0.02176
2823,0.02236,0.02174
2824,0.02247,0.02177
2825,0.02233,0.02179
2826,0.02234,0.02184
2827,0.02234,0.02181
2828,0.02237,0.02178
2829,0.02237,0.02174
2830,0.02233,0.0218
2831,0.02238,0.02183
2832,0.02232,0.02183
2833,0.02234,0.02183
2834,0.02235,0.02178
2835,0.02237,0.02177
2836,0.02235,0.02179
2837,0.0224,0.0218
2838,0.02236,0.02178
2839,0.02239,0.02177
2840,0.02246,0.02174
2841,0.02238,0.02179
2842,0.02236,0.02177
2843,0.02241,0.0218
2844,0.02247,0.02178
2845,0.02234,0.02176
2846,0.02242,0.02175
2847,0.02243,0.02175
2848,0.02239,0.0217
2849,0.02239,0.02176
2850,0.02235,0.02179
2851,0.02236,0.02179
2852,0.02233,0.02178
2853,0.02236,0.02179
2854,0.02238,0.02172
2855,0.02239,0.02177
2856,0.02244,0.02173
2857,0.02241,0.02173
2858,0.0224,0.02173
2859,0.02244,0.02174
2860,0.02242,0.02174
2861,0.02237,0.02173
2862,0.02239,0.02176
2863,0.02246,0.02175
2864,0.02244,0.02169
2865,0.02247,0.02174
2866,0.02248,0.02173
2867,0.02239,0.02173
2868,0.0224,0.02175
2869,0.02235,0.02182
2870,0.02239,0.0217
2871,0.02247,0.02168
2872,0.02242,0.02179
2873,0.0224,0.02175
2874,0.02238,0.02176
2875,0.02238,0.02174
2876,0.0224,0.02172
2877,0.02239,0.02173
2878,0.02237,0.02175
2879,0.02241,0.02173
2880,0.02238,0.02178
2881,0.02231,0.02176
2882,0.02239,0.02179
2883,0.0223,0.02177
2884,0.02235,0.02179
2885,0.02231,0.0218
2886,0.02238,0.0218
2887,0.02232,0.02179
2888,0.02231,0.02179
2889,0.02232,0.02188
2890,0.02236,0.02179
2891,0.02236,0.02182
2892,0.02238,0.0218
2893,0.02234,0.02187
2894,0.02235,0.02183
2895,0.02236,0.02188
2896,0.02229,0.02193
2897,0.02222,0.02189
2898,0.02219,0.02188
2899,0.02225,0.0219
2900,0.02225,0.02182
2901,0.02226,0.02182
2902,0.02228,0.02186
2903,0.02232,0.02187
2904,0.02225,0.02189
2905,0.02221,0.0219
2906,0.02226,0.02194
2907,0.02225,0.02193
2908,0.02225,0.02188
2909,0.02234,0.02189
2910,0.02219,0.02194
2911,0.02228,0.0219
2912,0.02226,0.02192
2913,0.02226,0.02185
2914,0.0223,0.02188
2915,0.02228,0.02183
2916,0.02227,0.02186
2917,0.02224,0.0219
2918,0.02223,0.02192
2919,0.02219,0.02191
2920,0.02227,0.02194
2921,0.02226,0.02187
2922,0.02225,0.02182
2923,0.02226,0.02183
2924,0.02237,0.02181
2925,0.02231,0.02181
2926,0.02236,0.02183
2927,0.02236,0.02175
2928,0.02236,0.0218
2929,0.02238,0.02176
2930,0.02238,0.02173
2931,0.02245,0.02172
2932,0.02239,0.02172
2933,0.02238,0.02171
2934,0.02236,0.02176
2935,0.02235,0.02182
2936,0.0224,0.02179
2937,0.02241,0.02184
2938,0.02228,0.02184
2939,0.02228,0.02183
2940,0.02225,0.02191
2941,0.02225,0.02188
2942,0.02224,0.02185
2943,0.02227,0.02188
2944,0.02229,0.02188
2945,0.02227,0.02183
2946,0.02228,0.02182
2947,0.02238,0.02186
2948,0.02232,0.02182
2949,0.02234,0.02176
2950,0.02244,0.02178
2951,0.0224,0.02176
2952,0.02245,0.02168
2953,0.0225,0.02169
2954,0.02248,0.02174
2955,0.02251,0.02169
2956,0.02244,0.02167
2957,0.02254,0.02165
2958,0.02252,0.02162
2959,0.02249,0.02162
2960,0.02247,0.02164
2961,0.0225,0.02162
2962,0.02249,0.02164
2963,0.02248,0.02165
2964,0.02245,0.02167
2965,0.02253,0.0217
2966,0.02252,0.02172
2967,0.02242,0.02171
2968,0.02248,0.02172
2969,0.02249,0.02168
2970,0.02248,0.0217
2971,0.02249,0.0217
2972,0.02242,0.02169
2973,0.02246,0.02172
2974,0.02243,0.02168
2975,0.02242,0.02169
2976,0.02243,0.02173
2977,0.02246,0.02171
2978,0.02246,0.02173
2979,0.02246,0.02175
2980,0.02242,0.02173
2981,0.02239,0.02185
2982,0.02244,0.02178
2983,0.0224,0.02186
2984,0.02232,0.02184
2985,0.02227,0.02181
2986,0.02231,0.02185
2987,0.0223,0.02184
2988,0.02236,0.02185
2989,0.02233,0.0218
2990,0.02229,0.0218
2991,0.02228,0.02184
2992,0.02225,0.02187
2993,0.0223,0.02184
2994,0.02228,0.02189
2995,0.02224,0.02191
2996,0.02227,0.02185
2997,0.02225,0.0219
2998,0.0223,0.02188
2999,0.02228,0.02186
3000,0.02229,0.02186
3001,0.02231,0.02184
3002,0.02234,0.02184
3003,0.02225,0.02188
3004,0.02223,0.02187
3005,0.02225,0.02187
3006,0.0223,0.02189
3007,0.02233,0.02186
3008,0.02235,0.02183
3009,0.02235,0.02186
3010,0.02233,0.02182
3011,0.02232,0.02182
3012,0.02234,0.02178
3013,0.02233,0.02182
3014,0.02232,0.02182
3015,0.02232,0.02183
3016,0.02229,0.02189
3017,0.02233,0.02189
3018,0.02227,0.02186
3019,0.02229,0.02192
3020,0.02225,0.02187
3021,0.0222,0.02185
3022,0.0222,0.02192
3023,0.02229,0.02188
3024,0.02227,0.02185
3025,0.02227,0.02187
3026,0.02225,0.02189
3027,0.02225,0.02186
3028,0.02229,0.02184
3029,0.02226,0.02184
3030,0.02226,0.02187
3031,0.02223,0.02187
3032,0.02228,0.0219
3033,0.02229,0.02193
3034,0.02224,0.02192
3035,0.02231,0.02193
3036,0.02235,0.02183
3037,0.02234,0.02184
3038,0.02231,0.02186
3039,0.02236,0.02186
3040,0.02236,0.0218
3041,0.02238,0.0218
3042,0.02227,0.02178
3043,0.02232,0.02186
3044,0.02231,0.02185
3045,0.02232,0.02184
3046,0.02229,0.02187
3047,0.02236,0.02188
3048,0.02233,0.02183
3049,0.02234,0.02179
3050,0.02237,0.02177
3051,0.02237,0.02175
3052,0.0224,0.02178
3053,0.0223,0.02183
3054,0.02229,0.02181
3055,0.02227,0.02184
3056,0.02231,0.02189
3057,0.02231,0.02183
3058,0.02232,0.02185
3059,0.02232,0.02184
3060,0.0223,0.02184
3061,0.02228,0.02191
3062,0.02228,0.02187
3063,0.0223,0.02185
3064,0.02228,0.02189
3065,0.02223,0.02192
3066,0.0222,0.02195
3067,0.02218,0.02201
3068,0.02211,0.022
3069,0.02216,0.02196
3070,0.02213,0.02198
3071,0.02215,0.02196
3072,0.02212,0.02196
3073,0.02212,0.02204
3074,0.02214,0.02203
3075,0.02216,0.02196
3076,0.02216,0.02198
3077,0.02225,0.02196
3078,0.02223,0.0219
3079,0.02222,0.02199
3080,0.02215,0.02197
3081,0.02215,0.02199
3082,0.02221,0.02191
3083,0.02216,0.02196
3084,0.02217,0.02197
3085,0.02216,0.02202
3086,0.02213,0.02201
3087,0.02213,0.02201
3088,0.02217,0.02202
3089,0.02214,0.022
3090,0.02214,0.022
3091,0.02219,0.02199
3092,0.02221,0.02205
3093,0.02215,0.02201
3094,0.02208,0.02204
3095,0.02217,0.02206
3096,0.02209,0.02205
3097,0.02211,0.02205
3098,0.02211,0.02206
3099,0.02213,0.02206
3100,0.02209,0.02207
3101,0.0221,0.02206
3102,0.02208,0.02206
3103,0.02208,0.02211
3104,0.02212,0.02208
3105,0.02213,0.02204
3106,0.02212,0.02204
3107,0.02214,0.02203
3108,0.02209,0.02203
3109,0.02206,0.022
3110,0.02209,0.02205
3111,0.02214,0.02202
3112,0.02213,0.02202
3113,0.02211,0.02199
3114,0.02212,0.02197
3115,0.02219,0.02201
3116,0.02217,0.02196
3117,0.02217,0.02196
3118,0.0222,0.02196
3119,0.02218,0.02191
3120,0.0222,0.02195
3121,0.02223,0.02194
3122,0.02219,0.02198
3123,0.02222,0.02188
3124,0.02216,0.02199
3125,0.02224,0.02197
3126,0.02226,0.0219
3127,0.02236,0.02196
3128,0.02234,0.02192
3129,0.02235,0.02173
3130,0.02233,0.02175
3131,0.02238,0.02177
3132,0.02236,0.02176
3133,0.02236,0.02179
3134,0.02236,0.02171
3135,0.02237,0.02179
3136,0.0224,0.02174
3137,0.02245,0.02177
3138,0.02245,0.02178
3139,0.02243,0.02176
3140,0.02235,0.02184
3141,0.02231,0.0218
3142,0.02228,0.02183
3143,0.02231,0.02183
3144,0.02228,0.0218
3145,0.02232,0.02184
3146,0.02227,0.02184
3147,0.02227,0.02185
3148,0.02228,0.02192
3149,0.02226,0.02196
3150,0.02219,0.02196
3151,0.02223,0.02192
3152,0.02229,0.022
3153,0.02219,0.02198
3154,0.02216,0.02197
3155,0.0222,0.02202
3156,0.02219,0.02203
3157,0.02219,0.02197
3158,0.02217,0.02196
3159,0.0222,0.02205
3160,0.02222,0.02198
3161,0.02214,0.02201
3162,0.02221,0.022
3163,0.02214,0.02205
3164,0.02214,0.02199
3165,0.02214,0.02195
3166,0.02217,0.02196
3167,0.02215,0.02198
3168,0.02218,0.02199
3169,0.02221,0.02198
3170,0.02215,0.02196
3171,0.02219,0.02193
3172,0.02221,0.022
3173,0.02219,0.022
3174,0.02223,0.02192
3175,0.02219,0.0219
3176,0.0222,0.02193
3177,0.02224,0.02193
3178,0.02227,0.02193
3179,0.02227,0.02196
3180,0.02219,0.02194
3181,0.02226,0.02195
3182,0.02226,0.02189
3183,0.02228,0.02185
3184,0.02228,0.02187
3185,0.02227,0.02179
3186,0.02235,0.02183
3187,0.02239,0.02179
3188,0.02232,0.02179
3189,0.02242,0.02186
3190,0.02233,0.02188
3191,0.02226,0.02191
3192,0.02228,0.02185
3193,0.02232,0.02185
3194,0.02227,0.02187
3195,0.0223,0.02189
3196,0.02228,0.02191
3197,0.02221,0.02193
3198,0.02222,0.02197
3199,0.02219,0.02198
3200,0.02216,0.02201
3201,0.02216,0.02196
3202,0.02223,0.02195
3203,0.02227,0.02196
3204,0.02228,0.02197
3205,0.02227,0.02198
3206,0.0222,0.02201
3207,0.02228,0.02195
3208,0.02228,0.02188
3209,0.02226,0.02187
3210,0.02226,0.02189
3211,0.02221,0.02193
3212,0.02221,0.02194
3213,0.0222,0.02199
3214,0.02228,0.02194
3215,0.02226,0.02191
3216,0.02223,0.02194
3217,0.02227,0.02191
3218,0.02224,0.02189
3219,0.02227,0.02189
3220,0.02224,0.02189
3221,0.02223,0.02192
3222,0.02224,0.02194
3223,0.02221,0.0219
3224,0.02223,0.02188
3225,0.02219,0.02194
3226,0.02223,0.02201
3227,0.02225,0.02191
3228,0.02221,0.02193
3229,0.02226,0.02191
3230,0.02222,0.02189
3231,0.02218,0.02185
3232,0.02219,0.02189
3233,0.02221,0.02197
3234,0.0222,0.02194
3235,0.02225,0.02197
3236,0.02222,0.02196
3237,0.02218,0.02192
3238,0.02219,0.02192
3239,0.02219,0.02192
3240,0.02222,0.02189
3241,0.02221,0.02191
3242,0.0222,0.02192
3243,0.02226,0.02193
3244,0.02219,0.02199
3245,0.0222,0.02195
3246,0.02219,0.02197
3247,0.0222,0.0219
3248,0.02217,0.02192
3249,0.02224,0.02197
3250,0.02231,0.02192
3251,0.02219,0.0219
3252,0.02222,0.02191
3253,0.02232,0.02188
3254,0.02232,0.0219
3255,0.02226,0.02185
3256,0.02221,0.0219
3257,0.02224,0.02192
3258,0.02227,0.02191
3259,0.0222,0.02191
3260,0.02223,0.02197
3261,0.02232,0.02189
3262,0.02227,0.02192
3263,0.02223,0.02187
3264,0.02222,0.02188
3265,0.02223,0.022
3266,0.02223,0.02191
3267,0.02228,0.02189
3268,0.02222,0.0219
3269,0.02229,0.0219
3270,0.02224,0.02189
3271,0.02222,0.02191
3272,0.02225,0.0219
3273,0.02225,0.02192
3274,0.02226,0.02187
3275,0.02228,0.02189
3276,0.02229,0.02184
3277,0.0223,0.02187
3278,0.02231,0.02189
3279,0.02239,0.02185
3280,0.02232,0.02181
3281,0.02232,0.02183
3282,0.02233,0.02181
3283,0.02232,0.02183
3284,0.02232,0.02184
3285,0.02229,0.02183
3286,0.02228,0.0219
3287,0.02233,0.02189
3288,0.02229,0.02188
3289,0.02229,0.02194
3290,0.0223,0.02181
3291,0.02235,0.02186
3292,0.02235,0.02183
3293,0.02233,0.0218
3294,0.02227,0.02189
3295,0.02229,0.02185
3296,0.02233,0.02183
3297,0.02232,0.02189
3298,0.02232,0.02193
3299,0.02229,0.02191
3300,0.0223,0.02187
3301,0.02226,0.02186
3302,0.02225,0.02186
3303,0.0223,0.02184
3304,0.02231,0.02187
3305,0.02229,0.02181
3306,0.02233,0.02183
3307,0.02236,0.02182
3308,0.0224,0.02177
3309,0.02236,0.02177
3310,0.02237,0.02172
3311,0.02233,0.0218
3312,0.02237,0.02178
3313,0.02231,0.02178
3314,0.02236,0.02181
3315,0.02236,0.02181
3316,0.02237,0.02174
3317,0.02237,0.02177
3318,0.02231,0.02176
3319,0.02243,0.02182
3320,0.02241,0.02178
3321,0.02236,0.02174
3322,0.02239,0.02173
3323,0.02248,0.02177
3324,0.02238,0.02176
3325,0.02236,0.02168
3326,0.02236,0.02174
3327,0.02238,0.02174
3328,0.02238,0.02173
3329,0.02244,0.02177
3330,0.02244,0.02179
3331,0.02237,0.02176
3332,0.02238,0.02177
3333,0.02235,0.02185
3334,0.02234,0.02184
3335,0.02241,0.02181
3336,0.02235,0.02178
3337,0.02241,0.02179
3338,0.02238,0.02181
3339,0.02238,0.02174
3340,0.02238,0.0217
3341,0.02241,0.02175
3342,0.02242,0.02178
3343,0.02245,0.02172
3344,0.02242,0.02173
3345,0.02244,0.02171
3346,0.02249,0.02169
3347,0.02244,0.02165
3348,0.02245,0.02166
3349,0.02242,0.02169
3350,0.02248,0.02166
3351,0.02246,0.02166
3352,0.0225,0.02169
3353,0.0225,0.02168
3354,0.02252,0.02171
3355,0.02245,0.02165
3356,0.02249,0.02166
3357,0.02246,0.02161
3358,0.02255,0.02162
3359,0.02254,0.02156
3360,0.02255,0.02156
3361,0.02255,0.02167
3362,0.02253,0.02164
3363,0.02254,0.02164
3364,0.02248,0.02163
3365,0.02252,0.02162
3366,0.02254,0.02163
3367,0.0225,0.0216
3368,0.02247,0.02163
3369,0.02254,0.0216
3370,0.02253,0.02172
3371,0.02242,0.0217
3372,0.02243,0.02172
3373,0.02238,0.02174
3374,0.0224,0.02168
3375,0.02244,0.02174
3376,0.02248,0.02173
3377,0.0224,0.02176
3378,0.02242,0.02177
3379,0.02241,0.02175
3380,0.02235,0.02177
3381,0.02241,0.02181
3382,0.0223,0.02181
3383,0.02233,0.02185
3384,0.0223,0.02183
3385,0.02229,0.02183
3386,0.02239,0.0218
3387,0.02234,0.02178
3388,0.02232,0.02181
3389,0.02227,0.02185
3390,0.02233,0.02181
3391,0.02232,0.02179
3392,0.02231,0.02181
3393,0.02234,0.02181
3394,0.02241,0.02176
3395,0.02241,0.02173
3396,0.0224,0.02173
3397,0.02232,0.0218
3398,0.02238,0.02182
3399,0.02237,0.02177
3400,0.02235,0.02181
3401,0.0224,0.02176
3402,0.02243,0.02185
3403,0.02231,0.02184
3404,0.02227,0.02182
3405,0.02235,0.02183
3406,0.02229,0.02186
3407,0.02235,0.02184
3408,0.02232,0.02181
3409,0.02228,0.02182
3410,0.02233,0.02182
3411,0.02234,0.02177
3412,0.0224,0.02172
3413,0.02246,0.02178
3414,0.02241,0.02169
3415,0.0224,0.02171
3416,0.02243,0.0217
3417,0.02241,0.02173
3418,0.0224,0.02176
3419,0.02238,0.02177
3420,0.02235,0.02181
3421,0.02235,0.02186
3422,0.02234,0.02181
3423,0.02239,0.0218
3424,0.02239,0.02175
3425,0.0224,0.02176
3426,0.02237,0.02173
3427,0.02245,0.02172
3428,0.02243,0.02173
3429,0.0224,0.02171
3430,0.0224,0.02174
3431,0.02239,0.0217
3432,0.02237,0.0218
3433,0.02239,0.02177
3434,0.0224,0.0217
3435,0.0224,0.02171
3436,0.0224,0.02182
3437,0.02236,0.02177
3438,0.0224,0.02181
3439,0.02239,0.02176
3440,0.02236,0.02182
3441,0.02232,0.0218
3442,0.02233,0.02183
3443,0.02236,0.02183
3444,0.02234,0.02187
3445,0.02236,0.0218
3446,0.02234,0.02173
3447,0.02238,0.02173
3448,0.02238,0.02174
3449,0.02245,0.02175
3450,0.02246,0.02173
3451,0.02237,0.0218
3452,0.02244,0.02176
3453,0.02236,0.02178
3454,0.02241,0.02175
3455,0.02243,0.0217
3456,0.02243,0.02177
3457,0.02243,0.02172
3458,0.02238,0.0217
3459,0.02241,0.02174
3460,0.02241,0.02177
3461,0.02244,0.02167
3462,0.02241,0.02166
3463,0.02241,0.02168
3464,0.02243,0.02169
3465,0.02246,0.02171
3466,0.02245,0.0217
3467,0.02249,0.02167
3468,0.02247,0.02164
3469,0.02248,0.02163
3470,0.02244,0.02168
3471,0.02246,0.02167
3472,0.02243,0.02168
3473,0.02249,0.02165
3474,0.0225,0.02169
3475,0.02244,0.02169
3476,0.02245,0.02165
3477,0.02244,0.02168
3478,0.02245,0.02167
3479,0.02242,0.02174
3480,0.02242,0.02169
3481,0.02242,0.02171
3482,0.02241,0.02172
3483,0.02241,0.02177
3484,0.0224,0.02181
3485,0.02232,0.02179
3486,0.02244,0.0218
3487,0.02242,0.02174
3488,0.02243,0.02174
3489,0.02244,0.02171
3490,0.02245,0.02172
3491,0.02242,0.02168
3492,0.02241,0.02169
3493,0.02246,0.02169
3494,0.02243,0.02168
3495,0.02241,0.02169
3496,0.02244,0.0217
3497,0.02243,0.02169
3498,0.02243,0.02171
3499,0.02246,0.02179
3500,0.02237,0.02179
3501,0.02233,0.02181
3502,0.02231,0.02176
3503,0.02233,0.02177
3504,0.02239,0.02177
3505,0.02237,0.02178
3506,0.02241,0.02173
3507,0.02245,0.02174
3508,0.02239,0.02168
3509,0.02242,0.02171
3510,0.02244,0.02172
3511,0.02241,0.02175
3512,0.02241,0.02177
3513,0.02239,0.02181
3514,0.02245,0.02171
3515,0.0224,0.02175
3516,0.02244,0.02175
3517,0.02237,0.02176
3518,0.02237,0.02179
3519,0.02237,0.02167
3520,0.02242,0.02175
3521,0.0224,0.02171
3522,0.02234,0.02172
3523,0.02242,0.02174
3524,0.02244,0.02175
3525,0.0224,0.02175
3526,0.02238,0.02172
3527,0.02238,0.02174
3528,0.02239,0.02175
3529,0.02241,0.02172
3530,0.02238,0.02175
3531,0.02239,0.02181
3532,0.02239,0.02179
3533,0.02231,0.02183
3534,0.02235,0.0218
3535,0.02228,0.02181
3536,0.02235,0.02184
3537,0.0223,0.02179
3538,0.02239,0.02179
3539,0.02229,0.02177
3540,0.02236,0.02182
3541,0.02233,0.02179
3542,0.02239,0.02175
3543,0.02236,0.02179
3544,0.02242,0.02175
3545,0.0224,0.02173
3546,0.02236,0.02178
3547,0.02237,0.02174
3548,0.02238,0.02176
3549,0.02245,0.02172
3550,0.02237,0.02174
3551,0.02237,0.02177
3552,0.02234,0.02173
3553,0.02243,0.02176
3554,0.02236,0.02176
3555,0.02237,0.02181
3556,0.02235,0.02179
3557,0.02238,0.02179
3558,0.02236,0.02175
3559,0.02238,0.02176
3560,0.02239,0.02183
3561,0.02239,0.02171
3562,0.02243,0.02172
3563,0.02239,0.02176
3564,0.02241,0.02178
3565,0.0224,0.0217
3566,0.02242,0.02172
3567,0.02248,0.0217
3568,0.02257,0.02172
3569,0.02244,0.0217
3570,0.02245,0.02172
3571,0.02244,0.02169
3572,0.02242,0.02171
3573,0.02241,0.02165
3574,0.0224,0.02172
3575,0.02244,0.0217
3576,0.02243,0.02173
3577,0.02238,0.02174
3578,0.02242,0.0218
3579,0.02242,0.02171
3580,0.02252,0.02172
3581,0.02252,0.02168
3582,0.02246,0.02166
3583,0.02245,0.02167
3584,0.02248,0.02164
3585,0.02246,0.02168
3586,0.02243,0.0217
3587,0.02246,0.02172
3588,0.02239,0.02171
3589,0.02244,0.02166
3590,0.02246,0.02168
3591,0.02249,0.02165
3592,0.02242,0.0217
3593,0.02245,0.02174
3594,0.02244,0.0217
3595,0.02245,0.02168
3596,0.02245,0.02164
3597,0.02245,0.02167
3598,0.02246,0.02164
3599,0.02243,0.02166
3600,0.02245,0.02165
3601,0.02248,0.02165
3602,0.02254,0.02162
3603,0.02254,0.02156
3604,0.02254,0.02161
3605,0.02249,0.02162
3606,0.02245,0.02171
3607,0.02247,0.02171
3608,0.02248,0.02164
3609,0.02245,0.02166
3610,0.02248,0.02167
3611,0.02245,0.02167
3612,0.02244,0.02167
3613,0.02249,0.02167
3614,0.02249,0.02172
3615,0.02253,0.02159
3616,0.02251,0.02161
3617,0.02255,0.0216
3618,0.02256,0.0216
3619,0.0226,0.0216
3620,0.02258,0.02153
3621,0.02258,0.02153
3622,0.02253,0.02152
3623,0.02258,0.02155
3624,0.02262,0.02151
3625,0.02256,0.02159
3626,0.02251,0.02161
3627,0.02261,0.02162
3628,0.02252,0.0216
3629,0.02252,0.02162
3630,0.02255,0.02168
3631,0.02249,0.02169
3632,0.02242,0.02163
3633,0.02246,0.02165
3634,0.0225,0.02169
3635,0.02247,0.02165
3636,0.02255,0.02167
3637,0.02254,0.0216
3638,0.02255,0.02159
3639,0.02251,0.02163
3640,0.02252,0.02164
3641,0.02254,0.0216
3642,0.0225,0.02157
3643,0.02251,0.0216
3644,0.02248,0.02162
3645,0.02248,0.02161
3646,0.02253,0.0216
3647,0.0225,0.02166
3648,0.02254,0.02163
3649,0.02251,0.0217
3650,0.02253,0.02163
3651,0.02248,0.02162
3652,0.0225,0.02162
3653,0.02249,0.02172
3654,0.02243,0.02172
3655,0.02244,0.02174
3656,0.02238,0.02172
3657,0.02236,0.02173
3658,0.02234,0.02175
3659,0.02238,0.02182
3660,0.02234,0.0218
3661,0.02235,0.02182
3662,0.0223,0.02181
3663,0.02236,0.02187
3664,0.02233,0.02183
3665,0.02237,0.02184
3666,0.02233,0.02177
3667,0.02235,0.02177
3668,0.02237,0.0218
3669,0.02232,0.02179
3670,0.02232,0.0218
3671,0.02238,0.0218
3672,0.02232,0.02182
3673,0.02236,0.02175
3674,0.02235,0.02172
3675,0.02244,0.02172
3676,0.02238,0.02173
3677,0.0224,0.02175
3678,0.0224,0.02182
3679,0.02228,0.02182
3680,0.02228,0.02185
3681,0.02231,0.02188
3682,0.02231,0.02179
3683,0.02226,0.02186
3684,0.02226,0.02186
3685,0.02233,0.02183
3686,0.0223,0.02182
3687,0.0223,0.02182
3688,0.02234,0.02186
3689,0.02238,0.02185
3690,0.02234,0.02176
3691,0.02237,0.02182
3692,0.02239,0.02182
3693,0.02239,0.02177
3694,0.02246,0.02177
3695,0.02244,0.02173
3696,0.02243,0.02177
3697,0.02247,0.02171
3698,0.02241,0.02171
3699,0.02243,0.02169
3700,0.02241,0.02178
3701,0.02237,0.02176
3702,0.02233,0.02183
3703,0.02227,0.02178
3704,0.02225,0.02181
3705,0.02229,0.0218
3706,0.02226,0.02182
3707,0.02227,0.02185
3708,0.0223,0.02178
3709,0.02229,0.02186
3710,0.02228,0.02184
3711,0.0223,0.02186
3712,0.02233,0.02192
3713,0.0222,0.02191
3714,0.02223,0.02188
3715,0.0222,0.02196
3716,0.0222,0.02194
3717,0.02219,0.02194
3718,0.0222,0.02196
3719,0.02221,0.02195
3720,0.02225,0.02193
3721,0.02219,0.02196
3722,0.02214,0.022
3723,0.02225,0.02194
3724,0.02231,0.02198
3725,0.02228,0.02187
3726,0.02226,0.0219
3727,0.02231,0.02192
3728,0.02231,0.0219
3729,0.02228,0.02187
3730,0.02237,0.02186
3731,0.02234,0.02183
3732,0.02231,0.0218
3733,0.02229,0.02179
3734,0.02228,0.02183
3735,0.02232,0.02181
3736,0.02234,0.02184
3737,0.02235,0.02176
3738,0.02238,0.02179
3739,0.02238,0.02173
3740,0.02243,0.02173
3741,0.0224,0.02171
3742,0.02239,0.02173
3743,0.02246,0.02174
3744,0.02238,0.02178
3745,0.02238,0.02182
3746,0.02231,0.02182
3747,0.02236,0.02183
3748,0.0223,0.02185
3749,0.02237,0.02178
3750,0.02233,0.02178
3751,0.02239,0.02175
3752,0.02238,0.02177
3753,0.02244,0.02178
3754,0.02247,0.0217
3755,0.0224,0.02175
3756,0.02239,0.02174
3757,0.02239,0.0218
3758,0.02233,0.02185
3759,0.0223,0.02183
3760,0.02229,0.02177
3761,0.02228,0.02184
3762,0.0223,0.02186
3763,0.02239,0.02181
3764,0.02235,0.02187
3765,0.02233,0.02186
3766,0.02233,0.02179
3767,0.02235,0.02182
3768,0.02232,0.02182
3769,0.02232,0.02188
3770,0.02236,0.02182
3771,0.02235,0.02179
3772,0.0223,0.02184
3773,0.02229,0.02183
3774,0.02235,0.02182
3775,0.02231,0.02184
3776,0.02228,0.02178
3777,0.02228,0.0218
3778,0.02232,0.0218
3779,0.02231,0.02184
3780,0.02238,0.02183
3781,0.02229,0.02181
3782,0.02235,0.02183
3783,0.02232,0.02182
3784,0.02229,0.02185
3785,0.02229,0.02186
3786,0.02234,0.02184
3787,0.02234,0.02176
3788,0.02239,0.02176
3789,0.02231,0.02173
3790,0.0224,0.02174
3791,0.02243,0.02179
3792,0.02241,0.02173
3793,0.02237,0.02176
3794,0.02235,0.02177
3795,0.0223,0.02179
3796,0.02229,0.02182
3797,0.02235,0.02177
3798,0.02237,0.02177
3799,0.02232,0.02178
3800,0.02232,0.02182
3801,0.02232,0.02183
3802,0.02234,0.02186
3803,0.02227,0.02183
3804,0.02236,0.02184
3805,0.02235,0.02177
3806,0.02239,0.02178
3807,0.02239,0.02175
3808,0.02235,0.0218
3809,0.02237,0.02182
3810,0.02234,0.0218
3811,0.0223,0.02188
3812,0.02231,0.02188
3813,0.02233,0.02182
3814,0.0223,0.02181
3815,0.02229,0.02184
3816,0.02232,0.02185
3817,0.02231,0.02185
3818,0.02234,0.02185
3819,0.02228,0.0219
3820,0.02238,0.02184
3821,0.02239,0.02176
3822,0.02242,0.02179
3823,0.0224,0.02174
3824,0.02237,0.02177
3825,0.02245,0.02172
3826,0.02245,0.02177
3827,0.02245,0.02172
3828,0.02246,0.02167
3829,0.02242,0.02172
3830,0.02239,0.02179
3831,0.02238,0.02177
3832,0.02237,0.02174
3833,0.02235,0.0218
3834,0.0223,0.02177
3835,0.0223,0.02179
3836,0.02231,0.0218
3837,0.02234,0.02176
3838,0.02229,0.0219
3839,0.02225,0.02185
3840,0.02228,0.02184
3841,0.02235,0.02181
3842,0.02229,0.02192
3843,0.02224,0.02186
3844,0.02231,0.02188
3845,0.02222,0.02186
3846,0.02228,0.02182
3847,0.02232,0.02185
3848,0.02232,0.0219
3849,0.02234,0.02185
3850,0.02226,0.0219
3851,0.02234,0.02189
3852,0.02231,0.02181
3853,0.02231,0.02181
3854,0.02233,0.0218
3855,0.02235,0.02184
3856,0.02236,0.02184
3857,0.02227,0.02183
3858,0.02231,0.02188
3859,0.02234,0.0218
3860,0.02228,0.02188
3861,0.02228,0.02185
3862,0.02228,0.02185
3863,0.02234,0.02179
3864,0.02237,0.02178
3865,0.02229,0.02182
3866,0.02236,0.02183
3867,0.0223,0.02177
3868,0.02228,0.02181
3869,0.02231,0.02187
3870,0.02239,0.02185
3871,0.02231,0.02183
3872,0.02231,0.02185
3873,0.02237,0.0218
3874,0.02235,0.02183
3875,0.02232,0.0218
3876,0.02238,0.0218
3877,0.02236,0.02178
3878,0.02239,0.02176
3879,0.02235,0.02185
3880,0.02234,0.02183
3881,0.02229,0.02184
3882,0.02224,0.02189
3883,0.02223,0.02189
3884,0.02225,0.02192
3885,0.02228,0.02194
3886,0.02228,0.02191
3887,0.02224,0.02189
3888,0.02226,0.02189
3889,0.02223,0.0219
3890,0.02227,0.0219
3891,0.02231,0.02187
3892,0.02224,0.02183
3893,0.02227,0.02187
3894,0.02222,0.02195
3895,0.02222,0.02197
3896,0.02223,0.02195
3897,0.02218,0.0219
3898,0.02233,0.02194
3899,0.02228,0.02187
3900,0.02232,0.02187
3901,0.0223,0.02192
3902,0.02223,0.02191
3903,0.02224,0.02186
3904,0.02224,0.02187
3905,0.02222,0.02192
3906,0.02224,0.02187
3907,0.02223,0.02188
3908,0.02227,0.02191
3909,0.02222,0.02197
3910,0.02219,0.02197
3911,0.02218,0.02196
3912,0.02221,0.02195
3913,0.02222,0.02201
3914,0.02223,0.02194
3915,0.0222,0.02197
3916,0.0222,0.02192
3917,0.02223,0.02195
3918,0.02223,0.02191
3919,0.02219,0.02193
3920,0.02217,0.02194
3921,0.02216,0.02197
3922,0.02218,0.02203
3923,0.02218,0.02199
3924,0.0222,0.022
3925,0.0222,0.02193
3926,0.02225,0.02193
3927,0.02227,0.02192
3928,0.02229,0.02186
3929,0.02224,0.02187
3930,0.02225,0.02189
3931,0.02228,0.0219
3932,0.02225,0.02189
3933,0.02225,0.0219
3934,0.02226,0.02188
3935,0.02225,0.02186
3936,0.02221,0.0219
3937,0.02224,0.02189
3938,0.02223,0.0219
3939,0.02227,0.02193
3940,0.02229,0.02188
3941,0.02227,0.02191
3942,0.02227,0.0219
3943,0.02223,0.02194
3944,0.02221,0.02191
3945,0.02222,0.02198
3946,0.02217,0.02196
3947,0.02213,0.02195
3948,0.02228,0.02198
3949,0.02227,0.0219
3950,0.02228,0.02191
3951,0.0222,0.02193
3952,0.02217,0.02189
3953,0.02225,0.02192
3954,0.02221,0.02188
3955,0.02231,0.02189
3956,0.02227,0.02185
3957,0.02224,0.02186
3958,0.02229,0.02191
3959,0.02228,0.02183
3960,0.02228,0.02186
3961,0.02228,0.02183
3962,0.02228,0.02185
3963,0.0223,0.02182
3964,0.02228,0.02184
3965,0.02227,0.02188
3966,0.02233,0.02184
3967,0.02235,0.02182
3968,0.02234,0.02181
3969,0.02229,0.02183
3970,0.02235,0.02182
3971,0.0223,0.02182
3972,0.02233,0.02185
3973,0.02231,0.02184
3974,0.02227,0.02188
3975,0.02229,0.02189
3976,0.02231,0.02188
3977,0.02231,0.02182
3978,0.02238,0.02173
3979,0.02239,0.02177
3980,0.02238,0.02179
3981,0.02232,0.02171
3982,0.02247,0.02179
3983,0.0224,0.02175
3984,0.02246,0.02168
3985,0.02244,0.02172
3986,0.0224,0.02173
3987,0.02241,0.02176
3988,0.02241,0.0218
3989,0.02237,0.02177
3990,0.02233,0.0218
3991,0.02239,0.02176
3992,0.02233,0.02182
3993,0.02233,0.0218
3994,0.02229,0.02186
3995,0.0223,0.02189
3996,0.02224,0.02178
3997,0.02227,0.02193
3998,0.0223,0.02191
3999,0.02225,0.02188
4000,0.02224,0.02193
4001,0.02233,0.02187
4002,0.02226,0.02185
4003,0.02225,0.02185
4004,0.02222,0.02193
4005,0.02225,0.0219
4006,0.02229,0.02188
4007,0.02223,0.02185
4008,0.02222,0.02189
4009,0.02228,0.02183
4010,0.02235,0.02184
4011,0.02236,0.02179
4012,0.02238,0.02179
4013,0.02234,0.02189
4014,0.02236,0.02179
4015,0.02229,0.02186
4016,0.02233,0.02177
4017,0.02233,0.0218
4018,0.0223,0.02184
4019,0.02227,0.02186
4020,0.02234,0.02184
4021,0.02228,0.02178
4022,0.02236,0.02182
4023,0.02235,0.02179
4024,0.0224,0.02176
4025,0.02241,0.02173
4026,0.02237,0.02171
4027,0.02236,0.02179
4028,0.02237,0.02173
4029,0.02236,0.0218
4030,0.02237,0.02172
4031,0.0224,0.02174
4032,0.0224,0.02174
4033,0.02244,0.02174
4034,0.02245,0.02162
4035,0.02246,0.02167
4036,0.02256,0.02167
4037,0.02252,0.02163
4038,0.0225,0.02165
4039,0.02257,0.02162
4040,0.02247,0.02163
4041,0.02251,0.0216
4042,0.02251,0.02166
4043,0.02251,0.02162
4044,0.02244,0.02159
4045,0.02245,0.02166
4046,0.02251,0.02165
4047,0.02251,0.02164
4048,0.02248,0.02164
4049,0.02249,0.02158
4050,0.02257,0.02164
4051,0.02248,0.02163
4052,0.02245,0.0217
4053,0.02246,0.02164
4054,0.02255,0.0216
4055,0.02252,0.0217
4056,0.02245,0.0217
4057,0.02244,0.02169
4058,0.02245,0.02168
4059,0.02245,0.02167
4060,0.02245,0.02171
4061,0.02244,0.02177
4062,0.0224,0.02172
4063,0.02237,0.02175
4064,0.0224,0.02175
4065,0.02244,0.02172
4066,0.02237,0.02172
4067,0.02238,0.02173
4068,0.02245,0.02177
4069,0.02244,0.02179
4070,0.02239,0.02174
4071,0.02237,0.02176
4072,0.02233,0.02179
4073,0.02248,0.02177
4074,0.02234,0.02184
4075,0.02233,0.02185
4076,0.02233,0.02182
4077,0.0224,0.02181
4078,0.02236,0.02177
4079,0.02233,0.02186
4080,0.02228,0.02182
4081,0.02225,0.02187
4082,0.02236,0.02182
4083,0.02226,0.02186
4084,0.0223,0.02183
4085,0.02231,0.02185
4086,0.02229,0.02182
4087,0.02233,0.02184
4088,0.02233,0.02183
4089,0.02232,0.02182
4090,0.0223,0.02187
4091,0.02231,0.02185
4092,0.02226,0.02186
4093,0.02234,0.02184
4094,0.02232,0.02177
4095,0.02236,0.02177
4096,0.02238,0.02173
4097,0.02242,0.0217
4098,0.02247,0.02167
4099,0.02248,0.02175
4100,0.02238,0.02171
4101,0.02237,0.02177
4102,0.02238,0.02167
4103,0.02242,0.02174
4104,0.02242,0.02176
4105,0.02237,0.0218
4106,0.02241,0.02175
4107,0.02241,0.02176
4108,0.02242,0.02175
4109,0.0224,0.02176
4110,0.02233,0.02175
4111,0.02246,0.02177
4112,0.02234,0.02172
4113,0.02234,0.0218
4114,0.02235,0.02181
4115,0.02234,0.02179
4116,0.02242,0.02177
4117,0.02238,0.02171
4118,0.02242,0.02171
4119,0.02242,0.02168
4120,0.02244,0.02176
4121,0.0224,0.02171
4122,0.02243,0.02169
4123,0.02243,0.02163
4124,0.02249,0.02167
4125,0.02253,0.02164
4126,0.02253,0.02165
4127,0.02248,0.02168
4128,0.02255,0.02169
4129,0.02255,0.02159
4130,0.02249,0.0216
4131,0.02249,0.02161
4132,0.02249,0.02166
4133,0.02246,0.02163
4134,0.02243,0.02165
4135,0.02242,0.02169
4136,0.02242,0.02167
4137,0.02243,0.02172
4138,0.02247,0.02163
4139,0.02244,0.0217
4140,0.02247,0.02169
4141,0.02256,0.02165
4142,0.02257,0.0216
4143,0.02251,0.02158
4144,0.02253,0.02159
4145,0.02257,0.02162
4146,0.02258,0.02162
4147,0.02251,0.02161
4148,0.02252,0.02159
4149,0.02246,0.02161
4150,0.02247,0.02166
4151,0.02243,0.02165
4152,0.02242,0.02166
4153,0.02246,0.02165
4154,0.02248,0.02168
4155,0.02247,0.02165
4156,0.02252,0.02164
4157,0.02257,0.0216
4158,0.0225,0.02165
4159,0.02249,0.02163
4160,0.02249,0.02165
4161,0.02249,0.02169
4162,0.0224,0.02171
4163,0.02239,0.02167
4164,0.02239,0.02175
4165,0.02242,0.02174
4166,0.0224,0.02171
4167,0.02241,0.02169
4168,0.02242,0.02169
4169,0.02238,0.02172
4170,0.02237,0.02175
4171,0.02243,0.02173
4172,0.02239,0.02174
4173,0.0224,0.02172
4174,0.02246,0.02173
4175,0.02243,0.02171
4176,0.02242,0.02171
4177,0.02239,0.02168
4178,0.02242,0.02175
4179,0.02239,0.02172
4180,0.02236,0.02178
4181,0.02233,0.02184
4182,0.02231,0.02182
4183,0.02235,0.02182
4184,0.0223,0.02186
4185,0.02228,0.0218
4186,0.02227,0.02182
4187,0.02228,0.02182
4188,0.02232,0.02182
4189,0.02232,0.02185
4190,0.02228,0.02194
4191,0.02226,0.02188
4192,0.02224,0.0219
4193,0.02217,0.02195
4194,0.02227,0.02193
4195,0.02225,0.02188
4196,0.02227,0.02187
4197,0.02226,0.02188
4198,0.02227,0.02191
4199,0.02224,0.02197
4200,0.02223,0.02195
4201,0.02217,0.02194
4202,0.02219,0.02195
4203,0.02224,0.02192
4204,0.02227,0.02193
4205,0.0223,0.02188
4206,0.02229,0.02186
4207,0.0223,0.02189
4208,0.02228,0.02186
4209,0.02228,0.02183
4210,0.02233,0.02193
4211,0.02223,0.02185
4212,0.02226,0.02185
4213,0.02237,0.02186
4214,0.0223,0.02186
4215,0.02228,0.02193
4216,0.02221,0.02193
4217,0.02216,0.02194
4218,0.02221,0.02194
4219,0.02222,0.022
4220,0.02215,0.02198
4221,0.02216,0.02195
4222,0.02212,0.02195
4223,0.02218,0.022
4224,0.02215,0.02201
4225,0.0221,0.02203
4226,0.02213,0.02203
4227,0.0221,0.02203
4228,0.02206,0.02207
4229,0.02212,0.0221
4230,0.02214,0.02208
4231,0.02209,0.02212
4232,0.0221,0.02203
4233,0.02216,0.02202
4234,0.02216,0.02203
4235,0.02215,0.022
4236,0.02224,0.02202
4237,0.0222,0.02206
4238,0.02211,0.02202
4239,0.02212,0.02201
4240,0.02219,0.022
4241,0.02217,0.02191
4242,0.0222,0.02196
4243,0.02213,0.02198
4244,0.02211,0.02207
4245,0.02214,0.022
4246,0.02214,0.02204
4247,0.02219,0.02209
4248,0.02217,0.02195
4249,0.02219,0.02199
4250,0.02219,0.02193
4251,0.02218,0.02196
4252,0.02224,0.02191
4253,0.02215,0.0219
4254,0.02225,0.0219
4255,0.02224,0.02194
4256,0.02226,0.02188
4257,0.02224,0.02191
4258,0.02228,0.02182
4259,0.02228,0.02189
4260,0.02227,0.02183
4261,0.02234,0.02183
4262,0.02231,0.0218
4263,0.02231,0.02185
4264,0.02228,0.02191
4265,0.02226,0.02192
4266,0.02222,0.02188
4267,0.02222,0.02204
4268,0.02226,0.022
4269,0.02225,0.02188
4270,0.02223,0.02195
4271,0.02226,0.02191
4272,0.02216,0.02194
4273,0.02224,0.02196
4274,0.02226,0.02187
4275,0.02221,0.02187
4276,0.02228,0.02189
4277,0.02228,0.02194
4278,0.02221,0.02195
4279,0.02221,0.02187
4280,0.02225,0.02192
4281,0.02229,0.02187
4282,0.02233,0.02192
4283,0.02235,0.02182
4284,0.02234,0.02187
4285,0.02232,0.02178
4286,0.02235,0.0218
4287,0.02235,0.02181
4288,0.02235,0.02183
4289,0.02231,0.0218
4290,0.02236,0.02182
4291,0.02235,0.02176
4292,0.02231,0.02184
4293,0.0224,0.02178
4294,0.02239,0.02178
4295,0.02232,0.02183
4296,0.02237,0.02183
4297,0.02232,0.02179
4298,0.02236,0.02177
4299,0.02241,0.02188
4300,0.02234,0.02184
4301,0.02232,0.02184
4302,0.02242,0.02184
4303,0.02235,0.02183
4304,0.02235,0.02182
4305,0.02234,0.02182
4306,0.02235,0.02175
4307,0.02238,0.02182
4308,0.02235,0.0218
4309,0.02234,0.02174
4310,0.02239,0.02173
4311,0.02236,0.02176
4312,0.02233,0.02174
4313,0.02235,0.02179
4314,0.02245,0.0218
4315,0.02243,0.02183
4316,0.02242,0.02171
4317,0.02242,0.02178
4318,0.02242,0.02174
4319,0.02244,0.02178
4320,0.0224,0.02171
4321,0.02242,0.02174
4322,0.02238,0.02169
4323,0.02244,0.02169
4324,0.0225,0.02166
4325,0.02249,0.02172
4326,0.02239,0.02164
4327,0.02246,0.02168
4328,0.02244,0.02169
4329,0.02245,0.02171
4330,0.02245,0.02169
4331,0.02242,0.02171
4332,0.02246,0.0217
4333,0.02239,0.0217
4334,0.02239,0.02175
4335,0.02234,0.02176
4336,0.02233,0.02178
4337,0.02235,0.02175
4338,0.02235,0.02174
4339,0.02239,0.02174
4340,0.02243,0.0217
4341,0.0224,0.02182
4342,0.02233,0.02174
4343,0.02238,0.02181
4344,0.02232,0.02181
4345,0.02231,0.0218
4346,0.02233,0.02187
4347,0.02233,0.02183
4348,0.02234,0.02182
4349,0.02236,0.02184
4350,0.02228,0.02188
4351,0.02229,0.02182
4352,0.0223,0.02185
4353,0.02231,0.02183
4354,0.02236,0.02191
4355,0.02233,0.02185
4356,0.02233,0.02188
4357,0.02237,0.02188
4358,0.02234,0.02186
4359,0.02231,0.02182
4360,0.0223,0.02182
4361,0.0223,0.02185
4362,0.02232,0.02183
4363,0.02237,0.0218
4364,0.02234,0.02177
4365,0.02237,0.02176
4366,0.02239,0.02177
4367,0.02235,0.02181
4368,0.02242,0.02177
4369,0.02237,0.02173
4370,0.02238,0.02178
4371,0.02241,0.02183
4372,0.02243,0.02179
4373,0.02237,0.02174
4374,0.02236,0.02182
4375,0.02233,0.0218
4376,0.02236,0.02179
4377,0.02235,0.02179
4378,0.02233,0.02177
4379,0.02239,0.02181
4380,0.02239,0.02174
4381,0.02243,0.02173
4382,0.02241,0.02169
4383,0.02241,0.02166
4384,0.02244,0.02169
4385,0.02246,0.02171
4386,0.02247,0.0217
4387,0.02238,0.02174
4388,0.02242,0.02178
4389,0.02238,0.02181
4390,0.02237,0.02177
4391,0.02237,0.02175
4392,0.02236,0.02177
4393,0.0224,0.02179
4394,0.02239,0.02179
4395,0.02245,0.02178
4396,0.0224,0.0217
4397,0.02243,0.02171
4398,0.02243,0.02169
4399,0.02241,0.02171
4400,0.0224,0.02174
4401,0.02242,0.02177
4402,0.02244,0.02169
4403,0.02244,0.02177
4404,0.02239,0.02174
4405,0.02235,0.02174
4406,0.02239,0.02186
4407,0.02231,0.0218
4408,0.02233,0.02184
4409,0.02235,0.0218
4410,0.0223,0.02181
4411,0.02234,0.0218
4412,0.02234,0.02189
4413,0.02225,0.0219
4414,0.02223,0.02187
4415,0.02229,0.02182
4416,0.02225,0.0219
4417,0.02227,0.0218
4418,0.02222,0.02187
4419,0.0223,0.02181
4420,0.02235,0.02181
4421,0.02228,0.02184
4422,0.02229,0.02181
4423,0.02233,0.02181
4424,0.02233,0.02183
4425,0.0223,0.02185
4426,0.02228,0.02184
4427,0.0223,0.02183
4428,0.02226,0.02185
4429,0.0223,0.02185
4430,0.02229,0.02187
4431,0.02235,0.02188
4432,0.02229,0.02189
4433,0.02229,0.02183
4434,0.02225,0.02184
4435,0.02227,0.02195
4436,0.02222,0.02196
4437,0.0222,0.02189
4438,0.02222,0.02194
4439,0.02221,0.02193
4440,0.02224,0.02192
4441,0.02227,0.02187
4442,0.02231,0.02184
4443,0.02228,0.0219
4444,0.02227,0.02192
4445,0.02221,0.02196
4446,0.02221,0.02196
4447,0.02222,0.02206
4448,0.02213,0.02207
4449,0.0222,0.02195
4450,0.02221,0.022
4451,0.02214,0.02199
4452,0.02213,0.02205
4453,0.02213,0.0221
4454,0.02205,0.02205
4455,0.02207,0.02211
4456,0.02206,0.0221
4457,0.02203,0.02214
4458,0.022,0.02213
4459,0.02199,0.02211
4460,0.02205,0.0221
4461,0.022,0.02218
4462,0.02205,0.02213
4463,0.022,0.02213
4464,0.02195,0.02215
4465,0.02207,0.02215
4466,0.02199,0.02216
4467,0.022,0.02215
4468,0.02207,0.02208
4469,0.02207,0.02211
4470,0.02203,0.02211
4471,0.02201,0.02208
4472,0.02207,0.0221
4473,0.02206,0.0221
4474,0.02205,0.02212
4475,0.02208,0.02212
4476,0.022,0.02214
4477,0.02213,0.02219
4478,0.02211,0.02207
4479,0.02211,0.02204
4480,0.02211,0.02206
4481,0.02218,0.022
4482,0.02216,0.02196
4483,0.02218,0.02199
4484,0.02224,0.02195
4485,0.02225,0.0219
4486,0.02224,0.02194
4487,0.02218,0.02198
4488,0.02219,0.02195
4489,0.0222,0.02196
4490,0.02216,0.02195
4491,0.02223,0.02193
4492,0.0222,0.02193
4493,0.02219,0.02197
4494,0.0222,0.02202
4495,0.0221,0.022
4496,0.02211,0.02204
4497,0.02217,0.02201
4498,0.02212,0.022
4499,0.02212,0.02199
4500,0.02213,0.02199
4501,0.02212,0.02197
4502,0.02217,0.02199
4503,0.02211,0.02195
4504,0.0222,0.02197
4505,0.02215,0.02196
4506,0.02222,0.02202
4507,0.02221,0.02203
4508,0.02213,0.02203
4509,0.02213,0.02198
4510,0.02215,0.02202
4511,0.02213,0.02202
4512,0.02209,0.02201
4513,0.02209,0.02209
4514,0.02202,0.02208
4515,0.02207,0.02207
4516,0.02207,0.02203
4517,0.02215,0.02207
4518,0.02216,0.02204
4519,0.02218,0.022
4520,0.02213,0.02204
4521,0.02209,0.02203
4522,0.0221,0.02202
4523,0.02217,0.02205
4524,0.0221,0.02202
4525,0.02212,0.02206
4526,0.02214,0.02203
4527,0.02209,0.02204
4528,0.02205,0.0221
4529,0.02209,0.02208
4530,0.02212,0.02203
4531,0.02209,0.02209
4532,0.02211,0.02208
4533,0.02205,0.02207
4534,0.0221,0.02209
4535,0.02214,0.02205
4536,0.02219,0.022
4537,0.02219,0.02195
4538,0.02217,0.02205
4539,0.0222,0.022
4540,0.02219,0.02199
4541,0.02221,0.02196
4542,0.02223,0.02195
4543,0.02234,0.022
4544,0.02228,0.02181
4545,0.02231,0.02183
4546,0.02234,0.02182
4547,0.02235,0.02177
4548,0.02233,0.02184
4549,0.02238,0.02182
4550,0.02239,0.02182
4551,0.02236,0.02179
4552,0.02237,0.02178
4553,0.02233,0.02182
4554,0.02235,0.02185
4555,0.02236,0.02178
4556,0.02241,0.02175
4557,0.0224,0.02177
4558,0.02236,0.02177
4559,0.02245,0.02176
4560,0.02237,0.02185
4561,0.02229,0.0218
4562,0.02226,0.02181
4563,0.02229,0.02186
4564,0.02224,0.02189
4565,0.02226,0.02191
4566,0.02227,0.02192
4567,0.02231,0.02191
4568,0.02225,0.02191
4569,0.02228,0.02184
4570,0.02233,0.02188
4571,0.02232,0.02182
4572,0.02232,0.02184
4573,0.0224,0.02188
4574,0.02233,0.02183
4575,0.02227,0.02183
4576,0.02233,0.02186
4577,0.02232,0.02186
4578,0.02237,0.02187
4579,0.02235,0.02177
4580,0.02236,0.02181
4581,0.02236,0.02178
4582,0.02233,0.02183
4583,0.02231,0.02189
4584,0.02235,0.02178
4585,0.02234,0.0218
4586,0.02237,0.02176
4587,0.02238,0.0219
4588,0.02227,0.02183
4589,0.02231,0.02186
4590,0.02231,0.02185
4591,0.02232,0.02183
4592,0.02236,0.02178
4593,0.02237,0.02177
4594,0.02237,0.0218
4595,0.0223,0.02181
4596,0.02235,0.02176
4597,0.02236,0.02182
4598,0.02235,0.02174
4599,0.0224,0.02181
4600,0.02238,0.02174
4601,0.0224,0.02169
4602,0.0224,0.02171
4603,0.02249,0.02166
4604,0.02246,0.02171
4605,0.02238,0.02166
4606,0.02235,0.0217
4607,0.02239,0.0217
4608,0.02243,0.02173
4609,0.02248,0.02169
4610,0.02236,0.02174
4611,0.0224,0.02169
4612,0.02247,0.02168
4613,0.02248,0.02168
4614,0.02247,0.02168
4615,0.02252,0.02161
4616,0.02251,0.02161
4617,0.02252,0.02162
4618,0.02255,0.02162
4619,0.02251,0.02175
4620,0.0225,0.02163
4621,0.02254,0.02166
4622,0.02254,0.02168
4623,0.02252,0.02166
4624,0.02245,0.02169
4625,0.02242,0.02165
4626,0.02251,0.02166
4627,0.02249,0.0217
4628,0.02249,0.02173
4629,0.02248,0.02168
4630,0.02247,0.02171
4631,0.02244,0.02169
4632,0.02242,0.02172
4633,0.02249,0.0217
4634,0.02249,0.0217
4635,0.02241,0.02168
4636,0.02241,0.02169
4637,0.02244,0.0217
4638,0.02242,0.0217
4639,0.0224,0.0217
4640,0.02241,0.02181
4641,0.02236,0.0218
4642,0.02229,0.02179
4643,0.02233,0.0218
4644,0.02238,0.02177
4645,0.02242,0.02175
4646,0.0224,0.02171
4647,0.02234,0.02174
4648,0.0224,0.02174
4649,0.02241,0.02167
4650,0.02241,0.0217
4651,0.0224,0.02167
4652,0.02245,0.0217
4653,0.02248,0.0217
4654,0.02246,0.0217
4655,0.02242,0.02166
4656,0.02244,0.02169
4657,0.02249,0.02167
4658,0.02245,0.02164
4659,0.02246,0.02171
4660,0.02246,0.0217
4661,0.0225,0.02171
4662,0.02246,0.02174
4663,0.02241,0.02167
4664,0.02254,0.02169
4665,0.02253,0.0216
4666,0.02253,0.02161
4667,0.02248,0.02166
4668,0.02247,0.02171
4669,0.02245,0.02168
4670,0.02251,0.02168
4671,0.02248,0.02167
4672,0.02242,0.02165
4673,0.02253,0.02168
4674,0.02253,0.02175
4675,0.02241,0.02175
4676,0.02244,0.02169
4677,0.02244,0.02175
4678,0.02252,0.02179
4679,0.02242,0.02168
4680,0.02253,0.02171
4681,0.02253,0.02169
4682,0.02244,0.02163
4683,0.02249,0.02167
4684,0.02248,0.02167
4685,0.02247,0.02167
4686,0.02248,0.02164
4687,0.02243,0.02166
4688,0.02244,0.02172
4689,0.02254,0.02168
4690,0.02253,0.02169
4691,0.02249,0.02168
4692,0.02243,0.02168
4693,0.02255,0.02166
4694,0.02252,0.02157
4695,0.0225,0.02161
4696,0.02246,0.0217
4697,0.02243,0.02173
4698,0.0225,0.02174
4699,0.0224,0.02177
4700,0.02232,0.02176
4701,0.02233,0.02176
4702,0.02239,0.02172
4703,0.02238,0.02182
4704,0.02238,0.02172
4705,0.02241,0.02179
4706,0.02239,0.02177
4707,0.02235,0.02176
4708,0.02231,0.02188
4709,0.02235,0.0218
4710,0.02231,0.0218
4711,0.02234,0.02176
4712,0.0224,0.02179
4713,0.02232,0.02178
4714,0.02228,0.02179
4715,0.02233,0.02181
4716,0.02231,0.02186
4717,0.02233,0.02185
4718,0.0223,0.02183
4719,0.02226,0.02182
4720,0.02228,0.02186
4721,0.02233,0.02179
4722,0.02234,0.0218
4723,0.0223,0.02184
4724,0.02232,0.02187
4725,0.02234,0.02181
4726,0.02234,0.02184
4727,0.02234,0.02184
4728,0.02242,0.02182
4729,0.02229,0.0219
4730,0.02233,0.02184
4731,0.02227,0.0219
4732,0.02226,0.02189
4733,0.02231,0.0219
4734,0.02231,0.02186
4735,0.0223,0.02184
4736,0.0223,0.02184
4737,0.02231,0.0219
4738,0.02219,0.02193
4739,0.02224,0.0219
4740,0.02222,0.02189
4741,0.02223,0.0219
4742,0.02223,0.02187
4743,0.02233,0.02185
4744,0.02236,0.02181
4745,0.02229,0.02186
4746,0.02232,0.02186
4747,0.02229,0.02184
4748,0.0223,0.02184
4749,0.02233,0.02186
4750,0.02234,0.02184
4751,0.02237,0.02175
4752,0.02234,0.02179
4753,0.02234,0.0218
4754,0.02232,0.02184
4755,0.02234,0.02185
4756,0.0223,0.02185
4757,0.02228,0.02187
4758,0.02232,0.02188
4759,0.02231,0.02185
4760,0.02231,0.02182
4761,0.02232,0.02185
4762,0.02227,0.02189
4763,0.02224,0.02191
4764,0.02223,0.02194
4765,0.02221,0.02194
4766,0.0223,0.02187
4767,0.02231,0.02182
4768,0.02229,0.02188
4769,0.02229,0.02187
4770,0.02223,0.02182
4771,0.0223,0.02183
4772,0.0223,0.02183
4773,0.02233,0.02181
4774,0.02233,0.02182
4775,0.02229,0.02188
4776,0.0223,0.02184
4777,0.02228,0.02182
4778,0.02228,0.02187
4779,0.02231,0.02185
4780,0.02228,0.02187
4781,0.02224,0.02189
4782,0.02227,0.02184
4783,0.02231,0.02188
4784,0.02226,0.02188
4785,0.02224,0.02186
4786,0.02235,0.02195
4787,0.02225,0.02188
4788,0.02231,0.02194
4789,0.02237,0.02187
4790,0.02235,0.02191
4791,0.02222,0.02196
4792,0.02217,0.02197
4793,0.02217,0.02192
4794,0.02224,0.02196
4795,0.02219,0.02195
4796,0.02228,0.02194
4797,0.02219,0.02193
4798,0.0222,0.02193
4799,0.02219,0.022
4800,0.02221,0.02198
4801,0.02217,0.02196
4802,0.02212,0.02208
4803,0.02213,0.02201
4804,0.02218,0.02198
4805,0.02223,0.02198
4806,0.02217,0.02195
4807,0.02219,0.0219
4808,0.0222,0.02196
4809,0.02216,0.02198
4810,0.02225,0.02201
4811,0.02223,0.02193
4812,0.0222,0.02195
4813,0.02227,0.02201
4814,0.02212,0.022
4815,0.02218,0.02199
4816,0.02224,0.02196
4817,0.02227,0.02196
4818,0.0222,0.02192
4819,0.02219,0.02192
4820,0.02223,0.02187
4821,0.02219,0.02191
4822,0.02225,0.02191
4823,0.02218,0.02191
4824,0.02223,0.02191
4825,0.02224,0.02191
4826,0.02227,0.02196
4827,0.02231,0.02188
4828,0.02232,0.02184
4829,0.02232,0.02182
4830,0.02233,0.02178
4831,0.02235,0.02185
4832,0.02231,0.02184
4833,0.02237,0.0218
4834,0.02228,0.02188
4835,0.02229,0.02188
4836,0.02232,0.02184
4837,0.0223,0.02184
4838,0.0223,0.02186
4839,0.02225,0.02186
4840,0.02229,0.0219
4841,0.02232,0.0219
4842,0.0223,0.02187
4843,0.02227,0.0219
4844,0.02229,0.02187
4845,0.02227,0.02191
4846,0.02222,0.02193
4847,0.02221,0.02189
4848,0.02223,0.02195
4849,0.02221,0.02189
4850,0.02218,0.02194
4851,0.02233,0.02197
4852,0.02229,0.02194
4853,0.02228,0.02184
4854,0.02227,0.02188
4855,0.02232,0.02189
4856,0.02225,0.0219
4857,0.02225,0.02183
4858,0.0223,0.02182
4859,0.02233,0.02183
4860,0.02227,0.0218
4861,0.02229,0.0219
4862,0.02225,0.0219
4863,0.02226,0.02198
4864,0.0222,0.02201
4865,0.0222,0.02196
4866,0.02222,0.02194
4867,0.02215,0.02194
4868,0.02229,0.02193
4869,0.02221,0.02191
4870,0.02223,0.02194
4871,0.02225,0.02192
4872,0.02218,0.02194
4873,0.02222,0.02192
4874,0.0222,0.02198
4875,0.02224,0.02203
4876,0.02227,0.02194
4877,0.02224,0.02196
4878,0.02225,0.02198
4879,0.0222,0.02196
4880,0.02219,0.02194
4881,0.02222,0.02193
4882,0.02218,0.02191
4883,0.0222,0.02197
4884,0.02218,0.02201
4885,0.02213,0.02201
4886,0.02214,0.02199
4887,0.02221,0.02197
4888,0.02215,0.02195
4889,0.02214,0.02203
4890,0.02221,0.02198
4891,0.02216,0.02202
4892,0.02216,0.02198
4893,0.02219,0.02197
4894,0.0222,0.02196
4895,0.02228,0.0219
4896,0.02225,0.0219
4897,0.02224,0.02194
4898,0.02225,0.02192
4899,0.02223,0.02194
4900,0.02217,0.02201
4901,0.02213,0.02199
4902,0.02221,0.02202
4903,0.02229,0.02191
4904,0.02224,0.0219
4905,0.02221,0.02201
4906,0.02213,0.02199
4907,0.02213,0.02199
4908,0.02213,0.02198
4909,0.02215,0.02202
4910,0.02214,0.02199
4911,0.02212,0.02204
4912,0.02214,0.02203
4913,0.02224,0.02196
4914,0.02219,0.02195
4915,0.02222,0.02196
4916,0.02221,0.02197
4917,0.02225,0.02196
4918,0.02225,0.02191
4919,0.02224,0.02187
4920,0.02227,0.02185
4921,0.02231,0.02189
4922,0.0222,0.02186
4923,0.02235,0.0219
4924,0.02227,0.02188
4925,0.02231,0.0219
4926,0.02222,0.02189
4927,0.02225,0.0219
4928,0.02219,0.02193
4929,0.02221,0.0219
4930,0.02222,0.02194
4931,0.02222,0.02202
4932,0.02225,0.02199
4933,0.02227,0.02191
4934,0.02219,0.02187
4935,0.0222,0.02187
4936,0.02218,0.0219
4937,0.0222,0.02193
4938,0.02219,0.0219
4939,0.02227,0.02188
4940,0.02227,0.02184
4941,0.02234,0.02181
4942,0.02234,0.02183
4943,0.02233,0.02181
4944,0.02234,0.02182
4945,0.02234,0.0218
4946,0.02241,0.02181
4947,0.02238,0.02178
4948,0.02236,0.02181
4949,0.02234,0.02176
4950,0.02235,0.02172
4951,0.02234,0.02178
4952,0.02235,0.02182
4953,0.02229,0.02185
4954,0.02231,0.02184
4955,0.02228,0.02181
4956,0.02232,0.02183
4957,0.0223,0.02188
4958,0.0223,0.02183
4959,0.02227,0.02185
4960,0.02225,0.02183
4961,0.02228,0.02187
4962,0.02228,0.02188
4963,0.02232,0.02182
4964,0.02233,0.0218
4965,0.02231,0.02182
4966,0.02231,0.0218
4967,0.02235,0.02174
4968,0.02236,0.02175
4969,0.02237,0.0218
4970,0.02238,0.02176
4971,0.02242,0.0218
4972,0.02239,0.02175
4973,0.02237,0.02175
4974,0.02234,0.0218
4975,0.02235,0.02175
4976,0.0224,0.02176
4977,0.02241,0.02173
4978,0.02238,0.02175
4979,0.02237,0.02174
4980,0.02237,0.02173
4981,0.02237,0.02176
4982,0.0224,0.02177
4983,0.02236,0.02179
4984,0.02241,0.02175
4985,0.02242,0.02173
4986,0.02239,0.02172
4987,0.02238,0.02173
4988,0.02236,0.02175
4989,0.02232,0.02176
4990,0.02238,0.0218
4991,0.02234,0.02176
4992,0.02234,0.02176
4993,0.02237,0.02177
4994,0.02234,0.0218
4995,0.02234,0.02186
4996,0.02227,0.02183
4997,0.02236,0.02186
4998,0.02235,0.02185
4999,0.02234,0.02184
5000,0.02236,0.02189
5001,0.02224,0.02185
5002,0.02224,0.02186
5003,0.02227,0.02183
5004,0.02228,0.02184
5005,0.02228,0.02179
5006,0.02226,0.02191
5007,0.02228,0.02184
5008,0.02231,0.02183
5009,0.02238,0.02179
5010,0.0223,0.02181
5011,0.02234,0.02181
5012,0.02231,0.02183
5013,0.02241,0.02187
5014,0.02228,0.02184
5015,0.02235,0.02181
5016,0.02237,0.02173
5017,0.02237,0.02178
5018,0.02236,0.0218
5019,0.02231,0.02182
5020,0.0223,0.02177
5021,0.02236,0.02175
5022,0.02233,0.02178
5023,0.02239,0.02173
5024,0.02242,0.02172
5025,0.02244,0.02177
5026,0.02243,0.02169
5027,0.02244,0.02172
5028,0.02241,0.02172
5029,0.0224,0.0217
5030,0.02242,0.02174
5031,0.0224,0.02179
5032,0.02236,0.02177
5033,0.02239,0.02177
5034,0.02232,0.02176
5035,0.02233,0.02175
5036,0.0223,0.02178
5037,0.02229,0.02183
5038,0.02227,0.02179
5039,0.02228,0.02182
5040,0.02228,0.02188
5041,0.02233,0.02183
5042,0.0223,0.02184
5043,0.0223,0.02182
5044,0.02237,0.02179
5045,0.02235,0.02181
5046,0.02234,0.02179
5047,0.02236,0.02178
5048,0.02231,0.02187
5049,0.02233,0.02176
5050,0.02237,0.02181
5051,0.02241,0.02173
5052,0.0224,0.02173
5053,0.02238,0.02178
5054,0.02237,0.02186
5055,0.02234,0.02185
5056,0.0223,0.02186
5057,0.02227,0.02186
5058,0.02236,0.02186
5059,0.02239,0.02173
5060,0.02234,0.02175
5061,0.02234,0.0218
5062,0.02231,0.02181
5063,0.02234,0.02176
5064,0.02237,0.02176
5065,0.02237,0.02179
5066,0.02242,0.02181
5067,0.02243,0.02181
5068,0.02232,0.02181
5069,0.02229,0.02183
5070,0.02226,0.02182
5071,0.02236,0.02183
5072,0.02234,0.02178
5073,0.0224,0.02184
5074,0.02236,0.02175
5075,0.02234,0.02174
5076,0.02235,0.02178
5077,0.02231,0.02177
5078,0.02237,0.02189
5079,0.02236,0.02188
5080,0.02231,0.02187
5081,0.02235,0.02182
5082,0.02232,0.0218
5083,0.02231,0.02181
5084,0.02228,0.02184
5085,0.0223,0.02187
5086,0.02237,0.02186
5087,0.02226,0.02189
5088,0.02227,0.02184
5089,0.02226,0.0219
5090,0.02227,0.02188
5091,0.02225,0.02189
5092,0.02223,0.02191
5093,0.02226,0.02195
5094,0.02223,0.02192
5095,0.02223,0.02187
5096,0.02226,0.02186
5097,0.02227,0.02188
5098,0.0223,0.0219
5099,0.02228,0.0219
5100,0.02222,0.02187
5101,0.02219,0.0219
5102,0.02221,0.02195
5103,0.02223,0.02193
5104,0.02224,0.02194
5105,0.02224,0.02185
5106,0.02227,0.02188
5107,0.02227,0.02186
5108,0.02223,0.02186
5109,0.02229,0.02184
5110,0.02229,0.02185
5111,0.02226,0.02195
5112,0.02219,0.02187
5113,0.02221,0.02197
5114,0.02221,0.0219
5115,0.02221,0.02193
5116,0.02224,0.0219
5117,0.02219,0.02191
5118,0.02227,0.02188
5119,0.02224,0.0219
5120,0.02224,0.02187
5121,0.02228,0.02187
5122,0.02227,0.02181
5123,0.02227,0.02185
5124,0.02231,0.02185
5125,0.02235,0.02183
5126,0.02234,0.02186
5127,0.02234,0.02179
5128,0.02235,0.02179
5129,0.0224,0.02177
5130,0.02232,0.0218
5131,0.02231,0.02176
5132,0.02231,0.02176
5133,0.0224,0.02174
5134,0.02239,0.02181
5135,0.02239,0.02172
5136,0.02242,0.02173
5137,0.02247,0.02177
5138,0.02251,0.02162
5139,0.02252,0.02161
5140,0.02248,0.02162
5141,0.02246,0.02161
5142,0.02247,0.02162
5143,0.02251,0.02161
5144,0.0225,0.02161
5145,0.02252,0.0216
5146,0.02248,0.02162
5147,0.02251,0.02164
5148,0.02256,0.02161
5149,0.02255,0.02162
5150,0.02251,0.02158
5151,0.02252,0.02164
5152,0.02246,0.02166
5153,0.02243,0.02169
5154,0.02239,0.02176
5155,0.02238,0.02173
5156,0.02236,0.02175
5157,0.02239,0.02176
5158,0.02252,0.02175
5159,0.02245,0.02165
5160,0.02242,0.02169
5161,0.02246,0.02167
5162,0.02253,0.02171
5163,0.02247,0.02165
5164,0.02247,0.02168
5165,0.02249,0.02172
5166,0.02245,0.02167
5167,0.02242,0.02175
5168,0.02234,0.02174
5169,0.02236,0.02178
5170,0.02234,0.02182
5171,0.0223,0.02184
5172,0.02231,0.02182
5173,0.02229,0.02188
5174,0.02227,0.02191
5175,0.0222,0.02198
5176,0.02225,0.02189
5177,0.02223,0.02192
5178,0.02227,0.02192
5179,0.02231,0.02189
5180,0.02228,0.02185
5181,0.02223,0.02194
5182,0.02226,0.02193
5183,0.0222,0.0219
5184,0.02221,0.02195
5185,0.02229,0.02189
5186,0.02224,0.02189
5187,0.02223,0.02189
5188,0.02224,0.0219
5189,0.02225,0.02186
5190,0.02224,0.02188
5191,0.02228,0.02185
5192,0.02232,0.0219
5193,0.02235,0.02189
5194,0.02222,0.02189
5195,0.02225,0.02191
5196,0.02225,0.02191
5197,0.02229,0.02187
5198,0.02229,0.02184
5199,0.02227,0.02184
5200,0.02234,0.02183
5201,0.02232,0.02177
5202,0.02227,0.02179
5203,0.0223,0.02182
5204,0.0223,0.02184
5205,0.02233,0.02188
5206,0.02228,0.02185
5207,0.0223,0.02191
5208,0.02227,0.02194
5209,0.02219,0.02195
5210,0.02219,0.02201
5211,0.02217,0.02195
5212,0.02221,0.02194
5213,0.02219,0.02193
5214,0.02216,0.02202
5215,0.02212,0.02203
5216,0.0221,0.02203
5217,0.02219,0.02202
5218,0.02216,0.02204
5219,0.02216,0.02199
5220,0.02212,0.02199
5221,0.02216,0.02198
5222,0.02222,0.02198
5223,0.02224,0.02194
5224,0.02216,0.02198
5225,0.02214,0.02199
5226,0.02218,0.02196
5227,0.02218,0.02195
5228,0.02217,0.02199
5229,0.02224,0.02201
5230,0.0222,0.02194
5231,0.02219,0.02202
5232,0.02215,0.02201
5233,0.0222,0.02194
5234,0.02216,0.02198
5235,0.02217,0.02196
5236,0.02224,0.022
5237,0.02218,0.02194
5238,0.02228,0.02196
5239,0.02224,0.02194
5240,0.02228,0.02193
5241,0.02221,0.02194
5242,0.02222,0.0219
5243,0.02223,0.02198
5244,0.02222,0.02192
5245,0.02223,0.02192
5246,0.02224,0.02192
5247,0.02225,0.02197
5248,0.02216,0.02199
5249,0.02219,0.02201
5250,0.0222,0.022
5251,0.0221,0.02207
5252,0.02208,0.02205
5253,0.02206,0.02204
5254,0.02211,0.02205
5255,0.02214,0.022
5256,0.02222,0.02201
5257,0.02223,0.02202
5258,0.02214,0.02205
5259,0.02216,0.02203
5260,0.0222,0.02199
5261,0.02211,0.02209
5262,0.02215,0.02201
5263,0.02215,0.02207
5264,0.02208,0.02203
5265,0.02213,0.02209
5266,0.02214,0.02201
5267,0.02214,0.02214
5268,0.02215,0.02214
5269,0.02219,0.02205
5270,0.02221,0.02194
5271,0.02219,0.02197
5272,0.02218,0.02194
5273,0.02217,0.02194
5274,0.02218,0.02193
5275,0.02218,0.02196
5276,0.02216,0.02196
5277,0.02223,0.02202
5278,0.02218,0.02196
5279,0.02223,0.0219
5280,0.02219,0.02192
5281,0.0222,0.02194
5282,0.0222,0.02192
5283,0.02218,0.0219
5284,0.02218,0.02192
5285,0.02226,0.02191
5286,0.0222,0.02193
5287,0.0222,0.02193
5288,0.02227,0.02192
5289,0.02222,0.02197
5290,0.02215,0.02196
5291,0.02214,0.02198
5292,0.02218,0.02195
5293,0.02222,0.02194
5294,0.02222,0.0219
5295,0.02225,0.02191
5296,0.02219,0.02196
5297,0.02214,0.02194
5298,0.02214,0.02198
5299,0.02227,0.02191
5300,0.02228,0.02186
5301,0.02223,0.02193
5302,0.02224,0.02193
5303,0.02225,0.02195
5304,0.02233,0.02192
5305,0.0223,0.02192
5306,0.02236,0.02187
5307,0.0223,0.02191
5308,0.02228,0.02184
5309,0.02236,0.02183
5310,0.02238,0.02174
5311,0.02237,0.02176
5312,0.02235,0.02176
5313,0.02234,0.02173
5314,0.02248,0.02177
5315,0.02237,0.02177
5316,0.02232,0.02179
5317,0.02243,0.02181
5318,0.02244,0.02172
5319,0.0224,0.02175
5320,0.02237,0.02174
5321,0.02243,0.0218
5322,0.02239,0.02178
5323,0.02234,0.0218
5324,0.02231,0.02179
5325,0.0224,0.02182
5326,0.02236,0.02177
5327,0.02241,0.02178
5328,0.02239,0.02171
5329,0.02243,0.0218
5330,0.02236,0.02174
5331,0.02236,0.02178
5332,0.02237,0.02178
5333,0.02238,0.02182
5334,0.0224,0.02177
5335,0.02239,0.02183
5336,0.02232,0.0218
5337,0.0223,0.02179
5338,0.02231,0.0218
5339,0.02231,0.02194
5340,0.02222,0.02184
5341,0.02222,0.02191
5342,0.02227,0.02188
5343,0.02231,0.02184
5344,0.02233,0.02178
5345,0.02239,0.02181
5346,0.02243,0.02168
5347,0.02243,0.02173
5348,0.02242,0.02178
5349,0.02241,0.02171
5350,0.02241,0.0217
5351,0.02241,0.02173
5352,0.02238,0.02175
5353,0.02248,0.02175
5354,0.02238,0.02173
5355,0.02242,0.02173
5356,0.02242,0.02172
5357,0.02243,0.02172
5358,0.02241,0.02171
5359,0.02243,0.02178
5360,0.0224,0.02171
5361,0.02245,0.02173
5362,0.02247,0.02165
5363,0.02242,0.0217
5364,0.02244,0.02169
5365,0.02243,0.02167
5366,0.02242,0.02164
5367,0.02246,0.02169
5368,0.02245,0.0217
5369,0.02242,0.02171
5370,0.02246,0.02165
5371,0.0225,0.02165
5372,0.02246,0.02164
5373,0.02243,0.02176
5374,0.02249,0.02172
5375,0.02248,0.02165
5376,0.02253,0.02165
5377,0.0225,0.02164
5378,0.02247,0.02169
5379,0.02246,0.02164
5380,0.02247,0.02169
5381,0.02251,0.02167
5382,0.02244,0.02171
5383,0.02241,0.02173
5384,0.02248,0.02173
5385,0.02247,0.02172
5386,0.02239,0.02169
5387,0.02245,0.02175
5388,0.02244,0.02167
5389,0.02248,0.02164
5390,0.02246,0.02161
5391,0.02251,0.0216
5392,0.02247,0.02161
5393,0.02258,0.0216
5394,0.02263,0.02152
5395,0.02261,0.02151
5396,0.02258,0.02155
5397,0.02257,0.02155
5398,0.0226,0.02149
5399,0.02261,0.02153
5400,0.02258,0.02153
5401,0.02266,0.02153
5402,0.02259,0.02154
5403,0.02264,0.02147
5404,0.02265,0.02147
5405,0.02264,0.0215
5406,0.02265,0.0215
5407,0.02261,0.02159
5408,0.02255,0.02158
5409,0.02261,0.0217
5410,0.02244,0.02163
5411,0.02248,0.02169
5412,0.02243,0.02169
5413,0.02249,0.02167
5414,0.02247,0.02158
5415,0.02253,0.02161
5416,0.02252,0.02161
5417,0.02255,0.02159
5418,0.02252,0.02164
5419,0.02254,0.02161
5420,0.02262,0.02157
5421,0.02257,0.02161
5422,0.02249,0.0216
5423,0.02249,0.02161
5424,0.02251,0.02167
5425,0.02243,0.02168
5426,0.02248,0.02168
5427,0.02248,0.0217
5428,0.02241,0.0217
5429,0.02243,0.02172
5430,0.02244,0.0217
5431,0.0225,0.02175
5432,0.02243,0.02172
5433,0.02241,0.02174
5434,0.02238,0.02182
5435,0.02237,0.02183
5436,0.02237,0.02183
5437,0.02237,0.02181
5438,0.0223,0.02181
5439,0.02236,0.02187
5440,0.02236,0.02181
5441,0.02229,0.02185
5442,0.02235,0.02183
5443,0.02231,0.02181
5444,0.02229,0.02184
5445,0.02242,0.02183
5446,0.02237,0.02182
5447,0.02228,0.02184
5448,0.02234,0.0218
5449,0.02236,0.02184
5450,0.02231,0.02182
5451,0.02234,0.02181
5452,0.02234,0.02178
5453,0.02235,0.02177
5454,0.02236,0.02181
5455,0.02241,0.02175
5456,0.0224,0.02178
5457,0.02244,0.02174
5458,0.02249,0.02175
5459,0.02246,0.0217
5460,0.02241,0.02175
5461,0.02239,0.02176
5462,0.02237,0.02177
5463,0.0224,0.02171
5464,0.02238,0.02173
5465,0.0224,0.02171
5466,0.02242,0.02176
5467,0.02241,0.02181
5468,0.02236,0.02179
5469,0.02235,0.02177
5470,0.02239,0.02176
5471,0.02233,0.02177
5472,0.02237,0.02175
5473,0.02238,0.02176
5474,0.02241,0.02176
5475,0.02242,0.02175
5476,0.02246,0.0217
5477,0.02239,0.02171
5478,0.0224,0.02172
5479,0.02238,0.02177
5480,0.02242,0.0217
5481,0.0224,0.02169
5482,0.02242,0.02172
5483,0.02239,0.02178
5484,0.0224,0.02176
5485,0.02235,0.02181
5486,0.02233,0.0218
5487,0.02233,0.0218
5488,0.0223,0.02183
5489,0.02226,0.02183
5490,0.02227,0.02187
5491,0.02225,0.02185
5492,0.02232,0.02185
5493,0.02231,0.0218
5494,0.02234,0.02182
5495,0.0223,0.02179
5496,0.02226,0.0219
5497,0.02222,0.02192
5498,0.02225,0.02189
5499,0.02222,0.02185
5500,0.02226,0.02191
5501,0.02231,0.02193
5502,0.0223,0.02189
5503,0.02227,0.02184
5504,0.02227,0.02191
5505,0.02228,0.02186
5506,0.02232,0.02181
5507,0.02233,0.02178
5508,0.02235,0.02176
5509,0.02234,0.02178
5510,0.02234,0.02175
5511,0.02234,0.02179
5512,0.02238,0.02175
5513,0.02241,0.0218
5514,0.02242,0.02183
5515,0.02232,0.02179
5516,0.02233,0.02182
5517,0.02227,0.02184
5518,0.02228,0.02182
5519,0.02233,0.0218
5520,0.02235,0.02182
5521,0.02234,0.02181
5522,0.02232,0.02183
5523,0.02232,0.02179
5524,0.02231,0.02181
5525,0.0223,0.02183
5526,0.02231,0.02186
5527,0.02228,0.02183
5528,0.02224,0.02181
5529,0.02227,0.02184
5530,0.02226,0.02183
5531,0.02225,0.02187
5532,0.0223,0.02186
5533,0.02237,0.02182
5534,0.02233,0.02184
5535,0.02233,0.02179
5536,0.02232,0.02182
5537,0.02228,0.02184
5538,0.02234,0.02184
5539,0.02232,0.02187
5540,0.02234,0.02183
5541,0.02229,0.02179
5542,0.02228,0.02188
5543,0.02229,0.02185
5544,0.02234,0.02179
5545,0.02238,0.02177
5546,0.02232,0.02178
5547,0.02232,0.0218
5548,0.02233,0.02183
5549,0.02235,0.02187
5550,0.02231,0.02187
5551,0.02235,0.02176
5552,0.02231,0.02179
5553,0.02238,0.02176
5554,0.02235,0.02177
5555,0.02233,0.02176
5556,0.02242,0.02182
5557,0.02245,0.02171
5558,0.02241,0.02177
5559,0.02242,0.0217
5560,0.02239,0.02174
5561,0.02238,0.0217
5562,0.02241,0.02172
5563,0.02241,0.02169
5564,0.02243,0.02173
5565,0.02234,0.02175
5566,0.02243,0.02175
5567,0.02242,0.02175
5568,0.02248,0.0217
5569,0.02242,0.02174
5570,0.02241,0.02173
5571,0.02239,0.02172
5572,0.02241,0.02171
5573,0.0224,0.02177
5574,0.02241,0.02185
5575,0.02241,0.02172
5576,0.02234,0.02171
5577,0.02244,0.02178
5578,0.02244,0.02172
5579,0.02236,0.02175
5580,0.02238,0.02175
5581,0.02249,0.02173
5582,0.02246,0.0217
5583,0.02241,0.0218
5584,0.02238,0.02175
5585,0.0224,0.02173
5586,0.0224,0.0218
5587,0.02241,0.02173
5588,0.02245,0.02177
5589,0.02246,0.02173
5590,0.02236,0.02176
5591,0.02238,0.02172
5592,0.0224,0.0218
5593,0.0224,0.0218
5594,0.02239,0.02182
5595,0.0223,0.02185
5596,0.02229,0.02188
5597,0.02228,0.02186
5598,0.02226,0.02197
5599,0.02222,0.02196
5600,0.02215,0.0219
5601,0.0222,0.02192
5602,0.02218,0.02194
5603,0.0222,0.02196
5604,0.02221,0.02195
5605,0.02218,0.02196
5606,0.0222,0.02196
5607,0.02226,0.02195
5608,0.02227,0.02187
5609,0.02225,0.02185
5610,0.02224,0.02194
5611,0.02216,0.02194
5612,0.02221,0.02193
5613,0.02223,0.0219
5614,0.02219,0.02197
5615,0.0222,0.02197
5616,0.02219,0.02198
5617,0.02222,0.02196
5618,0.02224,0.02205
5619,0.02211,0.022
5620,0.02214,0.022
5621,0.02212,0.02201
5622,0.02211,0.02205
5623,0.02213,0.02204
5624,0.02212,0.02205
5625,0.0221,0.02202
5626,0.02219,0.022
5627,0.02215,0.02199
5628,0.02216,0.02203
5629,0.02211,0.022
5630,0.02214,0.02201
5631,0.02221,0.02199
5632,0.02215,0.02198
5633,0.02213,0.02198
5634,0.02211,0.02202
5635,0.02219,0.02206
5636,0.02219,0.02195
5637,0.02216,0.02195
5638,0.02216,0.02197
5639,0.02212,0.02195
5640,0.02227,0.022
5641,0.02215,0.02197
5642,0.02219,0.02201
5643,0.02218,0.02198
5644,0.02215,0.02194
5645,0.02217,0.02196
5646,0.0222,0.02205
5647,0.02222,0.02195
5648,0.02232,0.02188
5649,0.02233,0.02192
5650,0.02222,0.02189
5651,0.02225,0.02197
5652,0.02222,0.02188
5653,0.02223,0.02187
5654,0.0222,0.02189
5655,0.02221,0.02192
5656,0.02221,0.02191
5657,0.02223,0.02189
5658,0.02222,0.02191
5659,0.02222,0.02193
5660,0.0222,0.02192
5661,0.02222,0.02198
5662,0.02216,0.02201
5663,0.02213,0.02194
5664,0.02221,0.02201
5665,0.02227,0.02191
5666,0.02231,0.02193
5667,0.0222,0.02189
5668,0.02219,0.02193
5669,0.02224,0.02191
5670,0.02226,0.02187
5671,0.02228,0.02189
5672,0.02224,0.02189
5673,0.02223,0.02196
5674,0.02226,0.02187
5675,0.02228,0.02192
5676,0.02228,0.02189
5677,0.02227,0.02191
5678,0.02231,0.02186
5679,0.02228,0.02183
5680,0.02233,0.02183
5681,0.02227,0.02181
5682,0.02231,0.02185
5683,0.02232,0.0218
5684,0.02245,0.02185
5685,0.02232,0.02181
5686,0.02246,0.02182
5687,0.02232,0.02179
5688,0.02236,0.02177
5689,0.02235,0.02182
5690,0.02235,0.02177
5691,0.02234,0.02179
5692,0.02231,0.02182
5693,0.02231,0.0218
5694,0.02235,0.02181
5695,0.02233,0.02174
5696,0.02232,0.02182
5697,0.02233,0.02178
5698,0.02234,0.0218
5699,0.02237,0.02179
5700,0.02235,0.02182
5701,0.02231,0.02184
5702,0.0223,0.02187
5703,0.02231,0.02185
5704,0.02232,0.02184
5705,0.02236,0.02177
5706,0.02231,0.02178
5707,0.02229,0.02183
5708,0.02241,0.02185
5709,0.02231,0.02182
5710,0.02232,0.02183
5711,0.0223,0.02187
5712,0.02231,0.02178
5713,0.02234,0.02179
5714,0.02233,0.02178
5715,0.02231,0.02181
5716,0.02237,0.02178
5717,0.02234,0.02175
5718,0.02235,0.02181
5719,0.02235,0.02176
5720,0.02236,0.02182
5721,0.02232,0.02177
5722,0.02233,0.02181
5723,0.02233,0.02181
5724,0.02233,0.02177
5725,0.02235,0.02177
5726,0.02238,0.02179
5727,0.02239,0.02186
5728,0.0223,0.02187
5729,0.02233,0.02188
5730,0.02219,0.02195
5731,0.02217,0.02194
5732,0.02221,0.02191
5733,0.02219,0.02194
5734,0.0222,0.02195
5735,0.02218,0.02198
5736,0.02214,0.02193
5737,0.02219,0.02195
5738,0.0222,0.022
5739,0.02223,0.02187
5740,0.02228,0.02196
5741,0.02227,0.0219
5742,0.02222,0.02201
5743,0.02226,0.02195
5744,0.02221,0.02195
5745,0.02224,0.02192
5746,0.02227,0.02192
5747,0.02224,0.02195
5748,0.02223,0.02192
5749,0.02228,0.02189
5750,0.02223,0.02192
5751,0.02223,0.02193
5752,0.02221,0.02194
5753,0.0222,0.02194
5754,0.02224,0.02195
5755,0.02227,0.022
5756,0.0222,0.02198
5757,0.02222,0.02193
5758,0.02222,0.02195
5759,0.02217,0.02194
5760,0.02221,0.022
5761,0.02226,0.02191
5762,0.02225,0.02194
5763,0.02225,0.02182
5764,0.02226,0.02183
5765,0.02223,0.02189
5766,0.02228,0.02191
5767,0.02233,0.02183
5768,0.02231,0.02182
5769,0.02233,0.02182
5770,0.02236,0.02184
5771,0.02231,0.02182
5772,0.02232,0.02186
5773,0.02229,0.02186
5774,0.02227,0.02185
5775,0.02229,0.02188
5776,0.02226,0.02185
5777,0.02228,0.02197
5778,0.02217,0.02203
5779,0.02222,0.02195
5780,0.02221,0.02191
5781,0.02228,0.02187
5782,0.02223,0.02193
5783,0.02218,0.02196
5784,0.02222,0.02198
5785,0.02224,0.02201
5786,0.02214,0.022
5787,0.02216,0.02203
5788,0.02217,0.02205
5789,0.02208,0.02204
5790,0.02207,0.02205
5791,0.02206,0.02207
5792,0.02207,0.02208
5793,0.02211,0.02206
5794,0.02209,0.0221
5795,0.02206,0.02214
5796,0.02209,0.02213
5797,0.0221,0.02217
5798,0.02209,0.02212
5799,0.0221,0.02215
5800,0.02203,0.02211
5801,0.02202,0.02222
5802,0.02204,0.02218
5803,0.02203,0.0222
5804,0.02199,0.02216
5805,0.02204,0.02214
5806,0.022,0.0221
5807,0.02206,0.02215
5808,0.02207,0.02216
5809,0.02207,0.02208
5810,0.02212,0.02208
5811,0.02216,0.02204
5812,0.02215,0.02202
5813,0.0221,0.02202
5814,0.02212,0.02197
5815,0.02216,0.022
5816,0.02218,0.02193
5817,0.02219,0.02196
5818,0.02219,0.02196
5819,0.02217,0.02193
5820,0.02213,0.02193
5821,0.0222,0.02198
5822,0.02219,0.02192
5823,0.02226,0.02192
5824,0.02228,0.02194
5825,0.02221,0.02194
5826,0.02226,0.02192
5827,0.02228,0.02192
5828,0.02222,0.02193
5829,0.02223,0.02192
5830,0.02222,0.02193
5831,0.02218,0.02192
5832,0.02219,0.02192
5833,0.0222,0.02193
5834,0.02227,0.02191
5835,0.02228,0.02186
5836,0.02227,0.02188
5837,0.0223,0.02187
5838,0.02243,0.02187
5839,0.02232,0.02183
5840,0.02232,0.02182
5841,0.02232,0.02186
5842,0.0223,0.02186
5843,0.02231,0.02184
5844,0.0223,0.02183
5845,0.02228,0.02186
5846,0.02233,0.02184
5847,0.0223,0.02187
5848,0.02225,0.02186
5849,0.02231,0.0219
5850,0.02234,0.02184
5851,0.02234,0.02187
5852,0.02223,0.02188
5853,0.02226,0.02188
5854,0.02227,0.0219
5855,0.02222,0.02195
5856,0.0222,0.022
5857,0.02219,0.02188
5858,0.02224,0.02194
5859,0.02226,0.02188
5860,0.02232,0.02185
5861,0.02233,0.02185
5862,0.02229,0.02186
5863,0.02234,0.02177
5864,0.02234,0.02182
5865,0.02234,0.02184
5866,0.02232,0.0218
5867,0.02233,0.02177
5868,0.02234,0.02186
5869,0.02227,0.02187
5870,0.0223,0.02184
5871,0.0223,0.02184
5872,0.02228,0.02186
5873,0.02232,0.02185
5874,0.02232,0.02188
5875,0.02221,0.02191
5876,0.02226,0.02185
5877,0.02224,0.02187
5878,0.02228,0.02187
5879,0.02238,0.02182
5880,0.02232,0.0218
5881,0.02233,0.02187
5882,0.02233,0.02187
5883,0.02224,0.02188
5884,0.02228,0.02185
5885,0.02231,0.02184
5886,0.02229,0.02189
5887,0.02231,0.02188
5888,0.02228,0.02185
5889,0.02229,0.02183
5890,0.02227,0.02188
5891,0.0223,0.02182
5892,0.02231,0.02186
5893,0.02231,0.02188
5894,0.02237,0.02183
5895,0.02226,0.02183
5896,0.02227,0.0218
5897,0.02233,0.02184
5898,0.02241,0.02179
5899,0.02234,0.02175
5900,0.02235,0.02181
5901,0.02234,0.02182
5902,0.02226,0.02186
5903,0.02235,0.02184
5904,0.02231,0.02182
5905,0.02236,0.02181
5906,0.02237,0.02182
5907,0.02229,0.0218
5908,0.02235,0.02182
5909,0.02235,0.02177
5910,0.02235,0.02178
5911,0.02238,0.02179
5912,0.02237,0.02179
5913,0.02238,0.0218
5914,0.02235,0.02182
5915,0.02247,0.02181
5916,0.02234,0.02176
5917,0.02246,0.02182
5918,0.02241,0.02178
5919,0.02233,0.02174
5920,0.02235,0.02174
5921,0.02239,0.02181
5922,0.0224,0.02171
5923,0.0224,0.02171
5924,0.02238,0.0217
5925,0.02239,0.02176
5926,0.0224,0.02168
5927,0.02239,0.02175
5928,0.02237,0.0218
5929,0.02235,0.02182
5930,0.02229,0.02182
5931,0.02234,0.02178
5932,0.02238,0.02173
5933,0.02238,0.0217
5934,0.02238,0.02176
5935,0.02241,0.02173
5936,0.02237,0.02175
5937,0.02238,0.02179
5938,0.02239,0.02174
5939,0.02241,0.02178
5940,0.02237,0.02178
5941,0.02236,0.0217
5942,0.02244,0.02171
5943,0.02246,0.02178
5944,0.02237,0.02175
5945,0.0224,0.02171
5946,0.02233,0.0218
5947,0.02237,0.02175
5948,0.02234,0.02179
5949,0.02233,0.0218
5950,0.02232,0.02183
5951,0.02229,0.0219
5952,0.02229,0.02186
5953,0.02226,0.02189
5954,0.0223,0.02196
5955,0.02226,0.02197
5956,0.02225,0.02186
5957,0.0223,0.02188
5958,0.02226,0.0219
5959,0.02232,0.02185
5960,0.02227,0.02192
5961,0.02223,0.02192
5962,0.0222,0.02192
5963,0.02226,0.02196
5964,0.0222,0.02198
5965,0.02223,0.02192
5966,0.02223,0.02192
5967,0.02227,0.0219
5968,0.02218,0.02188
5969,0.0222,0.02192
5970,0.02218,0.02195
5971,0.02219,0.022
5972,0.02217,0.02199
5973,0.0221,0.02201
5974,0.02215,0.02203
5975,0.02214,0.02199
5976,0.02214,0.02201
5977,0.02211,0.02207
5978,0.02208,0.02202
5979,0.02215,0.02207
5980,0.02213,0.02203
5981,0.02211,0.02208
5982,0.02207,0.02209
5983,0.0221,0.02202
5984,0.02212,0.02208
5985,0.02214,0.02204
5986,0.02218,0.02208
5987,0.02209,0.02206
5988,0.02213,0.02207
5989,0.02215,0.0221
5990,0.0221,0.02206
5991,0.02211,0.02204
5992,0.02209,0.02207
5993,0.02212,0.02206
5994,0.02218,0.02199
5995,0.02216,0.02196
5996,0.02218,0.02197
5997,0.02216,0.02197
5998,0.02213,0.02199
5999,0.02211,0.02205
6000,0.02206,0.02205
6001,0.02209,0.02202
6002,0.02216,0.02204
6003,0.02208,0.02204
6004,0.0221,0.02212
6005,0.02202,0.02209
6006,0.02211,0.02211
6007,0.02209,0.02209
6008,0.0221,0.02207
6009,0.0222,0.02205
6010,0.02217,0.02202
6011,0.02217,0.02202
6012,0.02217,0.02198
6013,0.02213,0.02196
6014,0.02212,0.02196
6015,0.02214,0.02199
6016,0.02219,0.02195
6017,0.02225,0.0219
6018,0.02219,0.02195
6019,0.02212,0.02196
6020,0.02221,0.02198
6021,0.02221,0.02196
6022,0.02221,0.02197
6023,0.02223,0.02197
6024,0.02224,0.02191
6025,0.02223,0.02188
6026,0.02219,0.02193
6027,0.02227,0.02193
6028,0.02218,0.02193
6029,0.02229,0.02191
6030,0.02228,0.02192
6031,0.02226,0.02193
6032,0.02219,0.02195
6033,0.02221,0.02192
6034,0.02216,0.02192
6035,0.02213,0.02198
6036,0.02218,0.02194
6037,0.02219,0.02202
6038,0.02214,0.02196
6039,0.0221,0.02202
6040,0.02218,0.02199
6041,0.02221,0.02201
6042,0.02219,0.02195
6043,0.02224,0.02193
6044,0.0222,0.02196
6045,0.02216,0.02192
6046,0.02222,0.02192
6047,0.02228,0.0219
6048,0.02226,0.0219
6049,0.02229,0.02189
6050,0.02223,0.0219
6051,0.02221,0.02192
6052,0.02225,0.02197
6053,0.02221,0.02186
6054,0.02221,0.02189
6055,0.0222,0.02193
6056,0.02221,0.02187
6057,0.02228,0.0219
6058,0.02226,0.02184
6059,0.02227,0.02192
6060,0.02221,0.02186
6061,0.02221,0.02193
6062,0.02228,0.02189
6063,0.02227,0.02188
6064,0.02234,0.02186
6065,0.02232,0.02181
6066,0.02229,0.02185
6067,0.02229,0.02189
6068,0.02221,0.02188
6069,0.02219,0.02193
6070,0.02225,0.02189
6071,0.02221,0.0219
6072,0.02222,0.0219
6073,0.02229,0.02191
6074,0.02228,0.02189
6075,0.02226,0.02188
6076,0.02227,0.02189
6077,0.02225,0.02186
6078,0.02227,0.02187
6079,0.02226,0.02191
6080,0.02224,0.02191
6081,0.02228,0.02194
6082,0.0223,0.02194
6083,0.0223,0.02186
6084,0.0222,0.02189
6085,0.02221,0.02191
6086,0.0222,0.0219
6087,0.02222,0.02189
6088,0.02227,0.02188
6089,0.02224,0.02194
6090,0.02222,0.02188
6091,0.02221,0.02191
6092,0.0222,0.02186
6093,0.02223,0.02188
6094,0.0222,0.02192
6095,0.02228,0.02191
6096,0.02219,0.02191
6097,0.02222,0.02186
6098,0.02218,0.02194
6099,0.02228,0.02195
6100,0.02229,0.02187
6101,0.02217,0.02191
6102,0.02225,0.02193
6103,0.02221,0.02198
6104,0.02225,0.02196
6105,0.02217,0.02193
6106,0.02225,0.02193
6107,0.02223,0.02192
6108,0.02219,0.02192
6109,0.02225,0.0219
6110,0.02225,0.02189
6111,0.02223,0.02188
6112,0.02232,0.0219
6113,0.0223,0.02189
6114,0.02231,0.02184
6115,0.02231,0.02188
6116,0.02231,0.02185
6117,0.02233,0.02186
6118,0.02231,0.02188
6119,0.02228,0.0219
6120,0.02222,0.02189
6121,0.02223,0.02185
6122,0.02226,0.02186
6123,0.02224,0.02189
6124,0.02225,0.02185
6125,0.02226,0.02189
6126,0.02227,0.02189
6127,0.02221,0.02187
6128,0.02233,0.02193
6129,0.02227,0.02189
6130,0.02227,0.02185
6131,0.02224,0.02188
6132,0.02231,0.02186
6133,0.02231,0.02186
6134,0.02223,0.02193
6135,0.02228,0.02185
6136,0.02226,0.02185
6137,0.0223,0.02186
6138,0.0223,0.02186
6139,0.02226,0.02184
6140,0.0223,0.02184
6141,0.02227,0.02186
6142,0.02232,0.02188
6143,0.02228,0.02186
6144,0.02229,0.02186
6145,0.02227,0.02187
6146,0.02232,0.02184
6147,0.02231,0.02184
6148,0.02224,0.02187
6149,0.02228,0.02187
6150,0.02232,0.02183
6151,0.02233,0.02185
6152,0.02237,0.02177
6153,0.02231,0.02182
6154,0.02235,0.02178
6155,0.02231,0.0218
6156,0.02237,0.02181
6157,0.02234,0.02182
6158,0.02239,0.02176
6159,0.02241,0.02175
6160,0.02244,0.02171
6161,0.0224,0.02174
6162,0.02242,0.0217
6163,0.02247,0.02172
6164,0.02239,0.02174
6165,0.0224,0.02175
6166,0.0224,0.0218
6167,0.0224,0.0218
6168,0.02237,0.02181
6169,0.02237,0.02178
6170,0.02239,0.0218
6171,0.02245,0.02175
6172,0.02245,0.02169
6173,0.02251,0.02171
6174,0.02251,0.02163
6175,0.02254,0.02165
6176,0.02248,0.02164
6177,0.02248,0.02164
6178,0.02245,0.02163
6179,0.02248,0.02163
6180,0.02252,0.02161
6181,0.02248,0.02168
6182,0.02244,0.02164
6183,0.02249,0.02164
6184,0.02248,0.0217
6185,0.02248,0.02168
6186,0.02245,0.02168
6187,0.02247,0.02165
6188,0.02246,0.02165
6189,0.02246,0.02164
6190,0.02261,0.02164
6191,0.02257,0.02152
6192,0.02256,0.02158
6193,0.02262,0.0216
6194,0.02264,0.02146
6195,0.02263,0.02151
6196,0.02259,0.0215
6197,0.02263,0.02157
6198,0.02264,0.02159
6199,0.02262,0.02156
6200,0.02255,0.02156
6201,0.02254,0.02156
6202,0.02258,0.02157
6203,0.02263,0.02154
6204,0.02259,0.02156
6205,0.02254,0.02162
6206,0.02257,0.02159
6207,0.0225,0.02166
6208,0.02253,0.02161
6209,0.02256,0.02161
6210,0.02265,0.02155
6211,0.0226,0.02154
6212,0.02257,0.02153
6213,0.02254,0.02157
6214,0.02253,0.02159
6215,0.02248,0.02159
6216,0.02251,0.02159
6217,0.02246,0.02169
6218,0.02246,0.02168
6219,0.02249,0.02171
6220,0.02241,0.02175
6221,0.02247,0.02173
6222,0.02249,0.02172
6223,0.02236,0.0217
6224,0.02239,0.02171
6225,0.02245,0.0217
6226,0.02244,0.02168
6227,0.02247,0.02164
6228,0.02246,0.02161
6229,0.02256,0.02165
6230,0.02248,0.02167
6231,0.02247,0.02166
6232,0.02245,0.02165
6233,0.02243,0.02167
6234,0.0225,0.02168
6235,0.02247,0.0217
6236,0.02248,0.02173
6237,0.02246,0.02171
6238,0.0224,0.02173
6239,0.0224,0.0217
6240,0.02242,0.02171
6241,0.0224,0.02172
6242,0.02247,0.02167
6243,0.02242,0.02177
6244,0.02245,0.02173
6245,0.02242,0.02168
6246,0.02243,0.02167
6247,0.02245,0.02165
6248,0.02247,0.02165
6249,0.02254,0.02161
6250,0.02249,0.02167
6251,0.02251,0.02171
6252,0.02243,0.02176
6253,0.02239,0.02174
6254,0.0224,0.02178
6255,0.02244,0.02182
6256,0.02248,0.02172
6257,0.02239,0.02179
6258,0.02241,0.02182
6259,0.0223,0.02176
6260,0.02226,0.02185
6261,0.02239,0.02186
6262,0.0223,0.02183
6263,0.02229,0.02181
6264,0.02237,0.02181
6265,0.02231,0.02186
6266,0.02235,0.02178
6267,0.02235,0.02182
6268,0.02225,0.02185
6269,0.02226,0.02189
6270,0.02224,0.02186
6271,0.02227,0.0219
6272,0.02229,0.02186
6273,0.02227,0.0219
6274,0.02228,0.02188
6275,0.02228,0.02191
6276,0.0223,0.02188
6277,0.02224,0.02188
6278,0.02225,0.02195
6279,0.0222,0.02194
6280,0.02223,0.02191
6281,0.02226,0.02187
6282,0.0223,0.02186
6283,0.02222,0.022
6284,0.0223,0.02192
6285,0.02234,0.02181
6286,0.02239,0.02183
6287,0.02232,0.02179
6288,0.02232,0.02185
6289,0.02235,0.0219
6290,0.02226,0.0219
6291,0.02227,0.02186
6292,0.02227,0.02187
6293,0.02227,0.0219
6294,0.02227,0.02195
6295,0.02224,0.0219
6296,0.02225,0.02197
6297,0.02217,0.02193
6298,0.02214,0.02194
6299,0.02219,0.02192
6300,0.02218,0.02196
6301,0.02218,0.02194
6302,0.02215,0.02198
6303,0.02219,0.02198
6304,0.02219,0.02194
6305,0.02217,0.02194
6306,0.02216,0.02197
6307,0.02217,0.022
6308,0.02215,0.022
6309,0.02216,0.02198
6310,0.02221,0.02191
6311,0.02222,0.02194
6312,0.02224,0.02188
6313,0.02229,0.0219
6314,0.02226,0.02189
6315,0.02222,0.02192
6316,0.02228,0.02189
6317,0.02231,0.02182
6318,0.02228,0.02178
6319,0.02238,0.02182
6320,0.02227,0.02182
6321,0.02228,0.02183
6322,0.02227,0.02185
6323,0.02225,0.02186
6324,0.02232,0.02183
6325,0.02227,0.02186
6326,0.02223,0.02186
6327,0.02227,0.02183
6328,0.02222,0.0219
6329,0.02224,0.02192
6330,0.02225,0.02194
6331,0.02226,0.02193
6332,0.02225,0.02188
6333,0.0222,0.0219
6334,0.02221,0.0219
6335,0.0222,0.02196
6336,0.02221,0.02194
6337,0.02219,0.02195
6338,0.02215,0.02198
6339,0.02218,0.02197
6340,0.02216,0.02197
6341,0.02211,0.02205
6342,0.02216,0.02202
6343,0.02213,0.02197
6344,0.02225,0.02199
6345,0.02218,0.022
6346,0.02221,0.02199
6347,0.02215,0.02199
6348,0.02221,0.02199
6349,0.02218,0.02201
6350,0.02218,0.02201
6351,0.02218,0.02198
6352,0.02215,0.02196
6353,0.02218,0.02197
6354,0.02214,0.02197
6355,0.0221,0.02197
6356,0.02213,0.02203
6357,0.02211,0.02202
6358,0.02211,0.02202
6359,0.02217,0.022
6360,0.02217,0.02197
6361,0.02213,0.02199
6362,0.02217,0.02199
6363,0.02219,0.02193
6364,0.02219,0.02198
6365,0.02214,0.02195
6366,0.02222,0.022
6367,0.02227,0.02195
6368,0.0222,0.02194
6369,0.02228,0.02191
6370,0.02224,0.02191
6371,0.02226,0.02186
6372,0.02225,0.02189
6373,0.02224,0.02188
6374,0.02224,0.02188
6375,0.02229,0.02194
6376,0.02231,0.02185
6377,0.02228,0.0219
6378,0.02221,0.02191
6379,0.02219,0.0219
6380,0.0222,0.02192
6381,0.0223,0.02193
6382,0.02222,0.0219
6383,0.02222,0.02198
6384,0.02224,0.02193
6385,0.02222,0.0219
6386,0.02221,0.02191
6387,0.02226,0.02194
6388,0.02231,0.02187
6389,0.0223,0.02182
6390,0.02226,0.02186
6391,0.02229,0.02186
6392,0.02226,0.02196
6393,0.02225,0.02191
6394,0.02227,0.02192
6395,0.02224,0.02189
6396,0.02225,0.02191
6397,0.02226,0.02198
6398,0.02217,0.0219
6399,0.02221,0.02194
6400,0.02225,0.02197
6401,0.02223,0.02194
6402,0.02222,0.022
6403,0.02216,0.02196
6404,0.02215,0.02196
6405,0.0222,0.02194
6406,0.02229,0.02199
6407,0.02222,0.0219
6408,0.02223,0.02184
6409,0.02225,0.02188
6410,0.02224,0.02195
6411,0.02222,0.02193
6412,0.02221,0.02189
6413,0.02225,0.02191
6414,0.02221,0.0219
6415,0.02238,0.02185
6416,0.0222,0.02191
6417,0.02223,0.02189
6418,0.02221,0.02191
6419,0.02225,0.02189
6420,0.02227,0.0219
6421,0.02228,0.02191
6422,0.02226,0.02194
6423,0.02225,0.02191
6424,0.02221,0.02196
6425,0.02222,0.02192
6426,0.02222,0.0219
6427,0.02221,0.02198
6428,0.02221,0.02201
6429,0.02211,0.022
6430,0.02207,0.02198
6431,0.02221,0.02205
6432,0.02215,0.02199
6433,0.0221,0.02199
6434,0.0221,0.02197
6435,0.02216,0.02197
6436,0.02215,0.02197
6437,0.02218,0.022
6438,0.02216,0.02195
6439,0.02221,0.02198
6440,0.02223,0.022
6441,0.0222,0.02193
6442,0.02224,0.02189
6443,0.02221,0.02196
6444,0.0222,0.02192
6445,0.02227,0.02198
6446,0.0222,0.02196
6447,0.0222,0.02192
6448,0.02222,0.0219
6449,0.02222,0.0219
6450,0.02222,0.02189
6451,0.02217,0.0219
6452,0.02222,0.02193
6453,0.02222,0.02194
6454,0.02223,0.02192
6455,0.02229,0.02187
6456,0.02223,0.02193
6457,0.02217,0.02197
6458,0.02225,0.02194
6459,0.02227,0.02189
6460,0.02225,0.02189
6461,0.02231,0.02188
6462,0.02231,0.02185
6463,0.02225,0.02189
6464,0.02225,0.02188
6465,0.02218,0.02194
6466,0.02225,0.02193
6467,0.02229,0.02189
6468,0.02232,0.02183
6469,0.0223,0.02188
6470,0.0223,0.02185
6471,0.02231,0.02184
6472,0.02231,0.0218
6473,0.02234,0.02183
6474,0.02235,0.02179
6475,0.02233,0.02184
6476,0.0223,0.02181
6477,0.02227,0.0218
6478,0.02226,0.02185
6479,0.02231,0.02187
6480,0.02234,0.02185
6481,0.0223,0.02189
6482,0.02233,0.02179
6483,0.0224,0.02185
6484,0.02242,0.02173
6485,0.02239,0.02182
6486,0.02231,0.0218
6487,0.0223,0.0218
6488,0.02235,0.02178
6489,0.02234,0.02183
6490,0.02231,0.02186
6491,0.02223,0.02186
6492,0.02229,0.02179
6493,0.02234,0.0218
6494,0.02232,0.02183
6495,0.02234,0.02181
6496,0.02235,0.02178
6497,0.02238,0.02179
6498,0.02236,0.02177
6499,0.02238,0.0218
6500,0.0224,0.02173
6501,0.0224,0.02179
6502,0.02229,0.02182
6503,0.02238,0.02177
6504,0.02236,0.02181
6505,0.02235,0.02178
6506,0.02236,0.02182
6507,0.02232,0.02184
6508,0.02232,0.02185
6509,0.02228,0.02179
6510,0.02232,0.02178
6511,0.02239,0.0218
6512,0.02236,0.02179
6513,0.0223,0.02178
6514,0.02236,0.02181
6515,0.02236,0.02178
6516,0.02235,0.02173
6517,0.02232,0.02174
6518,0.02238,0.02173
6519,0.02235,0.02176
6520,0.02241,0.02175
6521,0.0224,0.02172
6522,0.02243,0.0217
6523,0.02244,0.02167
6524,0.02243,0.02171
6525,0.02239,0.0217
6526,0.0224,0.02173
6527,0.02242,0.0217
6528,0.02241,0.02171
6529,0.02244,0.02166
6530,0.02242,0.02174
6531,0.0224,0.02176
6532,0.02244,0.02171
6533,0.02242,0.02169
6534,0.02252,0.02171
6535,0.02252,0.02158
6536,0.0225,0.02165
6537,0.02248,0.02163
6538,0.02251,0.0217
6539,0.02246,0.02173
6540,0.0224,0.02174
6541,0.02239,0.02172
6542,0.02239,0.02176
6543,0.02234,0.02177
6544,0.02243,0.02173
6545,0.02239,0.02176
6546,0.02242,0.02174
6547,0.0224,0.02176
6548,0.02239,0.02171
6549,0.02234,0.02173
6550,0.02241,0.02173
6551,0.02242,0.02172
6552,0.02242,0.02173
6553,0.02238,0.02173
6554,0.02242,0.02172
6555,0.02243,0.02171
6556,0.02239,0.02171
6557,0.02245,0.02169
6558,0.02249,0.02173
6559,0.0225,0.02162
6560,0.02249,0.02165
6561,0.02242,0.02169
6562,0.02244,0.02165
6563,0.02253,0.02168
6564,0.02243,0.0216
6565,0.02257,0.02166
6566,0.02254,0.02156
6567,0.02254,0.02159
6568,0.02256,0.02157
6569,0.02261,0.02154
6570,0.02256,0.02153
6571,0.02261,0.02157
6572,0.0226,0.02155
6573,0.02254,0.02158
6574,0.02257,0.02163
6575,0.02256,0.02156
6576,0.02257,0.02158
6577,0.02257,0.02156
6578,0.02263,0.0215
6579,0.02261,0.02153
6580,0.02263,0.02154
6581,0.02253,0.02156
6582,0.02254,0.02158
6583,0.02256,0.02158
6584,0.02249,0.02159
6585,0.02262,0.02157
6586,0.0225,0.02159
6587,0.02256,0.02157
6588,0.0226,0.02157
6589,0.02255,0.02164
6590,0.02253,0.02168
6591,0.02245,0.02166
6592,0.02251,0.02164
6593,0.02249,0.02161
6594,0.02248,0.02164
6595,0.02247,0.02167
6596,0.0225,0.02165
6597,0.02253,0.02164
6598,0.02255,0.02166
6599,0.02262,0.0216
6600,0.02253,0.02158
6601,0.0225,0.02162
6602,0.02249,0.0216
6603,0.02258,0.02165
6604,0.02258,0.0216
6605,0.02251,0.02163
6606,0.02248,0.02163
6607,0.02248,0.02162
6608,0.02252,0.02162
6609,0.02252,0.02158
6610,0.02256,0.02163
6611,0.0225,0.02165
6612,0.02252,0.02162
6613,0.0225,0.02162
6614,0.02245,0.02164
6615,0.02253,0.02166
6616,0.02251,0.02161
6617,0.02247,0.02164
6618,0.02248,0.02165
6619,0.02249,0.02163
6620,0.02251,0.02161
6621,0.02247,0.02168
6622,0.02252,0.02164
6623,0.02243,0.02162
6624,0.02244,0.02166
6625,0.02253,0.02168
6626,0.02253,0.02169
6627,0.02242,0.02168
6628,0.02243,0.02172
6629,0.02242,0.02172
6630,0.02245,0.02177
6631,0.02245,0.02173
6632,0.02247,0.02176
6633,0.02242,0.0217
6634,0.0224,0.02173
6635,0.02246,0.02175
6636,0.02237,0.02177
6637,0.02242,0.02175
6638,0.02235,0.02174
6639,0.02235,0.02176
6640,0.0224,0.02176
6641,0.02239,0.02173
6642,0.02251,0.02172
6643,0.02253,0.02166
6644,0.02245,0.02169
6645,0.0225,0.02168
6646,0.02257,0.0217
6647,0.02246,0.02166
6648,0.02244,0.0217
6649,0.02244,0.02169
6650,0.02241,0.02171
6651,0.02243,0.02176
6652,0.02235,0.02176
6653,0.02243,0.02174
6654,0.02234,0.0217
6655,0.02244,0.02178
6656,0.02245,0.02168
6657,0.02243,0.02172
6658,0.02238,0.02171
6659,0.02238,0.02171
6660,0.02253,0.02174
6661,0.02243,0.02174
6662,0.02241,0.02178
6663,0.02236,0.02177
6664,0.02232,0.02176
6665,0.02235,0.02179
6666,0.02227,0.02181
6667,0.02237,0.02182
6668,0.02241,0.02175
6669,0.02246,0.02175
6670,0.02239,0.02173
6671,0.0224,0.02182
6672,0.02232,0.02188
6673,0.02225,0.02184
6674,0.02231,0.02185
6675,0.02229,0.02187
6676,0.02231,0.02186
6677,0.02231,0.02189
6678,0.02227,0.02186
6679,0.02225,0.02187
6680,0.02226,0.02191
6681,0.02232,0.0219
6682,0.02225,0.02193
6683,0.02228,0.02183
6684,0.02229,0.02193
6685,0.02225,0.02197
6686,0.02224,0.02192
6687,0.02218,0.02196
6688,0.0223,0.02191
6689,0.0222,0.02187
6690,0.02227,0.02191
6691,0.0222,0.02196
6692,0.0222,0.02198
6693,0.02216,0.02196
6694,0.02219,0.02192
6695,0.02221,0.02193
6696,0.02217,0.02202
6697,0.02218,0.02198
6698,0.02221,0.02199
6699,0.02221,0.02197
6700,0.02219,0.022
6701,0.02216,0.022
6702,0.02213,0.02201
6703,0.02209,0.02199
6704,0.02218,0.02206
6705,0.0222,0.02202
6706,0.02217,0.02201
6707,0.02218,0.02207
6708,0.02214,0.02199
6709,0.02213,0.02204
6710,0.02213,0.02203
6711,0.02214,0.02202
6712,0.02218,0.02202
6713,0.02216,0.02202
6714,0.02218,0.02205
6715,0.02212,0.022
6716,0.02211,0.02199
6717,0.0221,0.02202
6718,0.02211,0.02202
6719,0.02211,0.02205
6720,0.02209,0.02206
6721,0.02209,0.02205
6722,0.02211,0.02201
6723,0.02214,0.02203
6724,0.02219,0.02201
6725,0.02213,0.02207
6726,0.02221,0.02197
6727,0.0222,0.02201
6728,0.0222,0.02197
6729,0.02219,0.02194
6730,0.02216,0.02194
6731,0.02217,0.02191
6732,0.02222,0.02191
6733,0.0222,0.02193
6734,0.02222,0.02196
6735,0.02221,0.02197
6736,0.02212,0.02195
6737,0.02219,0.02198
6738,0.02226,0.02201
6739,0.02226,0.02191
6740,0.02228,0.02196
6741,0.02216,0.02197
6742,0.02222,0.02195
6743,0.02215,0.02194
6744,0.0222,0.02203
6745,0.02216,0.02199
6746,0.0222,0.02202
6747,0.02224,0.02199
6748,0.02216,0.022
6749,0.02216,0.02201
6750,0.02215,0.02204
6751,0.0221,0.02206
6752,0.02212,0.02206
6753,0.02208,0.02207
6754,0.02207,0.02211
6755,0.02209,0.0221
6756,0.02207,0.02208
6757,0.02207,0.02211
6758,0.02205,0.02215
6759,0.02204,0.0221
6760,0.02211,0.02203
6761,0.0221,0.02205
6762,0.02209,0.02205
6763,0.0221,0.02209
6764,0.02215,0.02201
6765,0.02219,0.02198
6766,0.02216,0.02195
6767,0.02216,0.02206
6768,0.02212,0.02201
6769,0.02211,0.02201
6770,0.02214,0.02196
6771,0.02216,0.02197
6772,0.02217,0.02198
6773,0.02217,0.02192
6774,0.02217,0.02199
6775,0.02213,0.02199
6776,0.02212,0.02203
6777,0.02217,0.02199
6778,0.02219,0.02195
6779,0.02219,0.02194
6780,0.02225,0.02199
6781,0.02221,0.02197
6782,0.0222,0.02198
6783,0.02219,0.02201
6784,0.02211,0.02204
6785,0.02214,0.02192
6786,0.02219,0.02196
6787,0.02218,0.02198
6788,0.0222,0.02197
6789,0.02218,0.02197
6790,0.02217,0.02198
6791,0.02216,0.022
6792,0.0222,0.02198
6793,0.02209,0.02201
6794,0.02221,0.02202
6795,0.02213,0.02196
6796,0.02216,0.02196
6797,0.02211,0.02202
6798,0.02214,0.02198
6799,0.02207,0.02205
6800,0.02212,0.02201
6801,0.02206,0.02203
6802,0.02207,0.02207
6803,0.02211,0.02207
6804,0.02209,0.02202
6805,0.02214,0.02206
6806,0.02213,0.02202
6807,0.02209,0.02203
6808,0.02213,0.02206
6809,0.02213,0.02202
6810,0.02207,0.02206
6811,0.02211,0.02204
6812,0.02213,0.02205
6813,0.02204,0.02207
6814,0.02216,0.02205
6815,0.02215,0.02199
6816,0.02219,0.02199
6817,0.02219,0.02203
6818,0.02217,0.02199
6819,0.0222,0.02198
6820,0.02221,0.02202
6821,0.02223,0.02198
6822,0.02222,0.02195
6823,0.02215,0.02195
6824,0.02218,0.02198
6825,0.0222,0.02197
6826,0.02213,0.02198
6827,0.02213,0.02202
6828,0.02217,0.02202
6829,0.02212,0.02195
6830,0.02215,0.02202
6831,0.02211,0.02202
6832,0.02215,0.02198
6833,0.02213,0.02201
6834,0.02208,0.02204
6835,0.02206,0.022
6836,0.0221,0.02206
6837,0.02219,0.02198
6838,0.02216,0.02201
6839,0.02217,0.02193
6840,0.02221,0.02188
6841,0.02221,0.02193
6842,0.02218,0.02191
6843,0.02218,0.02195
6844,0.02221,0.02197
6845,0.02214,0.02202
6846,0.02215,0.02203
6847,0.02208,0.022
6848,0.02212,0.02203
6849,0.02214,0.022
6850,0.02216,0.02204
6851,0.02209,0.02202
6852,0.02212,0.02202
6853,0.0221,0.02204
6854,0.02209,0.02204
6855,0.02213,0.02203
6856,0.02218,0.02207
6857,0.02217,0.02197
6858,0.02219,0.02198
6859,0.02217,0.02201
6860,0.02207,0.02206
6861,0.02209,0.02207
6862,0.0221,0.02209
6863,0.02214,0.02198
6864,0.02213,0.02203
6865,0.02212,0.02203
6866,0.02212,0.02199
6867,0.02216,0.02199
6868,0.02212,0.02204
6869,0.02213,0.02199
6870,0.02217,0.02205
6871,0.02211,0.022
6872,0.02215,0.02203
6873,0.02217,0.022
6874,0.02216,0.02199
6875,0.0222,0.02199
6876,0.02215,0.02204
6877,0.02207,0.02202
6878,0.02216,0.02205
6879,0.02216,0.02206
6880,0.02211,0.02203
6881,0.02212,0.02204
6882,0.02211,0.02206
6883,0.0221,0.02201
6884,0.02212,0.02203
6885,0.02213,0.02202
6886,0.02218,0.02198
6887,0.02217,0.02199
6888,0.02222,0.02198
6889,0.02221,0.02201
6890,0.02214,0.02203
6891,0.0221,0.022
6892,0.02211,0.02199
6893,0.02219,0.02204
6894,0.02224,0.02197
6895,0.02221,0.0219
6896,0.02222,0.02194
6897,0.02219,0.02203
6898,0.02221,0.02202
6899,0.02221,0.02191
6900,0.02228,0.02196
6901,0.02219,0.02195
6902,0.0222,0.02195
6903,0.02217,0.02191
6904,0.02224,0.02191
6905,0.02226,0.02193
6906,0.02225,0.02188
6907,0.02226,0.02188
6908,0.02228,0.02185
6909,0.02228,0.02182
6910,0.02235,0.02181
6911,0.02226,0.02185
6912,0.02236,0.02182
6913,0.02237,0.02188
6914,0.02231,0.02187
6915,0.02229,0.02179
6916,0.0223,0.02181
6917,0.02227,0.02181
6918,0.02235,0.02184
6919,0.02239,0.02182
6920,0.0224,0.02186
6921,0.02234,0.02185
6922,0.02241,0.02175
6923,0.02237,0.02175
6924,0.02236,0.02173
6925,0.02235,0.02177
6926,0.02239,0.02176
6927,0.02246,0.02178
6928,0.02244,0.0217
6929,0.02242,0.02172
6930,0.02237,0.02175
6931,0.0224,0.02182
6932,0.02238,0.02182
6933,0.0224,0.02179
6934,0.02232,0.02179
6935,0.02231,0.02184
6936,0.02236,0.02178
6937,0.02234,0.02183
6938,0.02235,0.02183
6939,0.0223,0.02189
6940,0.02233,0.02189
6941,0.02225,0.02187
6942,0.0222,0.02189
6943,0.02222,0.02187
6944,0.02227,0.02191
6945,0.02228,0.02185
6946,0.0223,0.0218
6947,0.02227,0.02182
6948,0.02227,0.02182
6949,0.02232,0.02181
6950,0.02235,0.02174
6951,0.02234,0.02175
6952,0.0224,0.02177
6953,0.02238,0.02186
6954,0.02228,0.02185
6955,0.02236,0.02193
6956,0.0223,0.02191
6957,0.02233,0.02189
6958,0.0223,0.02189
6959,0.02233,0.02178
6960,0.02236,0.02186
6961,0.02226,0.02186
6962,0.02223,0.02186
6963,0.0222,0.02181
6964,0.02224,0.02182
6965,0.02228,0.02188
6966,0.02227,0.02192
6967,0.02224,0.02189
6968,0.02225,0.02188
6969,0.02228,0.02186
6970,0.02226,0.02192
6971,0.02221,0.02191
6972,0.02223,0.02188
6973,0.02223,0.02196
6974,0.02217,0.02195
6975,0.02221,0.02191
6976,0.02224,0.0219
6977,0.02227,0.02189
6978,0.02225,0.0219
6979,0.02225,0.02189
6980,0.02223,0.0219
6981,0.02227,0.02192
6982,0.02227,0.02192
6983,0.02229,0.02182
6984,0.02229,0.02185
6985,0.02228,0.02185
6986,0.0223,0.02184
6987,0.02228,0.02194
6988,0.0223,0.02196
6989,0.02226,0.02187
6990,0.02222,0.02185
6991,0.02226,0.02186
6992,0.02226,0.02187
6993,0.02225,0.02186
6994,0.0223,0.02189
6995,0.02228,0.02184
6996,0.02226,0.02183
6997,0.0223,0.02185
6998,0.02233,0.02176
6999,0.02234,0.02184
7000,0.02233,0.02185
7001,0.02233,0.02184
7002,0.02236,0.02181
7003,0.02234,0.02183
7004,0.0224,0.02182
7005,0.02241,0.02173
7006,0.02235,0.02176
7007,0.02235,0.0218
7008,0.02228,0.02183
7009,0.02229,0.02189
7010,0.02226,0.02184
7011,0.02228,0.02186
7012,0.02225,0.02183
7013,0.02226,0.02184
7014,0.02226,0.02179
7015,0.0223,0.02185
7016,0.02235,0.02188
7017,0.02229,0.02185
7018,0.02224,0.02193
7019,0.02236,0.02188
7020,0.02228,0.02184
7021,0.02233,0.02189
7022,0.02236,0.02184
7023,0.02232,0.0218
7024,0.02229,0.02183
7025,0.02229,0.02181
7026,0.02229,0.02182
7027,0.02235,0.02178
7028,0.02237,0.02182
7029,0.02235,0.02181
7030,0.0224,0.02182
7031,0.02237,0.0218
7032,0.02234,0.02181
7033,0.02234,0.02178
7034,0.02234,0.02182
7035,0.02235,0.02181
7036,0.0224,0.02178
7037,0.02234,0.02183
7038,0.02233,0.02182
7039,0.02233,0.02177
7040,0.0223,0.02182
7041,0.02231,0.02176
7042,0.02235,0.02185
7043,0.02243,0.0218
7044,0.02242,0.02174
7045,0.02244,0.02177
7046,0.02249,0.02176
7047,0.02248,0.02166
7048,0.02241,0.02175
7049,0.0224,0.02171
7050,0.02244,0.02172
7051,0.02237,0.02176
7052,0.02241,0.02175
7053,0.02235,0.02176
7054,0.02241,0.0218
7055,0.02233,0.0219
7056,0.02231,0.02187
7057,0.0222,0.02186
7058,0.02221,0.02185
7059,0.02221,0.02188
7060,0.0222,0.0219
7061,0.02221,0.02193
7062,0.02222,0.02195
7063,0.02221,0.02191
7064,0.0222,0.02192
7065,0.02223,0.02195
7066,0.02223,0.02194
7067,0.02221,0.02189
7068,0.02222,0.02191
7069,0.02228,0.0219
7070,0.02226,0.02189
7071,0.02222,0.02186
7072,0.02228,0.02189
7073,0.02221,0.02194
7074,0.02218,0.0219
7075,0.02222,0.02189
7076,0.02226,0.0219
7077,0.02222,0.02191
7078,0.02222,0.02195
7079,0.02228,0.02195
7080,0.02216,0.0219
7081,0.02226,0.02196
7082,0.02224,0.02185
7083,0.02224,0.02188
7084,0.02227,0.0219
7085,0.02235,0.02182
7086,0.02228,0.02189
7087,0.02224,0.0219
7088,0.02225,0.0219
7089,0.02225,0.02187
7090,0.02227,0.02191
7091,0.02225,0.02188
7092,0.02227,0.02188
7093,0.02227,0.02192
7094,0.02226,0.02189
7095,0.02222,0.02188
7096,0.02224,0.02187
7097,0.02238,0.02187
7098,0.02237,0.0218
7099,0.02233,0.02184
7100,0.02231,0.02187
7101,0.02237,0.02181
7102,0.02232,0.02182
7103,0.02231,0.02183
7104,0.02228,0.02187
7105,0.02231,0.02187
7106,0.02231,0.02182
7107,0.02234,0.02182
7108,0.02235,0.02184
7109,0.02233,0.02182
7110,0.0223,0.02186
7111,0.02238,0.02177
7112,0.02237,0.02178
7113,0.02234,0.02186
7114,0.02232,0.02184
7115,0.02228,0.02184
7116,0.02231,0.02184
7117,0.02231,0.02182
7118,0.02232,0.02186
7119,0.02233,0.02185
7120,0.02227,0.02186
7121,0.02226,0.02187
7122,0.02225,0.02181
7123,0.02226,0.02188
7124,0.02224,0.02192
7125,0.02226,0.02192
7126,0.02225,0.02194
7127,0.02222,0.02192
7128,0.02229,0.02194
7129,0.02232,0.02203
7130,0.02219,0.02194
7131,0.02225,0.02199
7132,0.02219,0.022
7133,0.02213,0.02198
7134,0.02215,0.02193
7135,0.02219,0.02199
7136,0.02217,0.02193
7137,0.02218,0.02197
7138,0.02216,0.02202
7139,0.02214,0.022
7140,0.02213,0.02197
7141,0.02213,0.022
7142,0.02217,0.022
7143,0.02217,0.02201
7144,0.02218,0.02201
7145,0.02218,0.02199
7146,0.02214,0.02203
7147,0.02222,0.02205
7148,0.02208,0.02202
7149,0.0222,0.02206
7150,0.02211,0.02204
7151,0.02216,0.02195
7152,0.02214,0.022
7153,0.02217,0.022
7154,0.02216,0.02199
7155,0.02216,0.02198
7156,0.02217,0.02197
7157,0.02215,0.02205
7158,0.02216,0.02202
7159,0.02212,0.02203
7160,0.0221,0.02203
7161,0.02211,0.02205
7162,0.02213,0.02201
7163,0.02213,0.02199
7164,0.02213,0.02203
7165,0.02211,0.02201
7166,0.02215,0.02202
7167,0.02212,0.02202
7168,0.02211,0.022
7169,0.02214,0.02205
7170,0.02219,0.02204
7171,0.02215,0.02205
7172,0.02213,0.02202
7173,0.0221,0.02205
7174,0.02216,0.02202
7175,0.02217,0.02195
7176,0.0222,0.02189
7177,0.02222,0.02197
7178,0.02226,0.02189
7179,0.02224,0.02191
7180,0.02223,0.0219
7181,0.02226,0.02189
7182,0.02228,0.02198
7183,0.02218,0.02197
7184,0.0222,0.02196
7185,0.0221,0.02197
7186,0.02217,0.02198
7187,0.02216,0.02203
7188,0.02219,0.02197
7189,0.0221,0.02206
7190,0.02213,0.022
7191,0.02212,0.02205
7192,0.02215,0.02203
7193,0.02216,0.022
7194,0.02213,0.02203
7195,0.02213,0.02204
7196,0.02213,0.022
7197,0.02218,0.022
7198,0.02215,0.02206
7199,0.02207,0.02208
7200,0.02207,0.02207
7201,0.02213,0.02205
7202,0.02212,0.02207
7203,0.02213,0.02209
7204,0.02207,0.02205
7205,0.02208,0.02208
7206,0.0221,0.02209
7207,0.0221,0.02203
7208,0.02212,0.02203
7209,0.02213,0.022
7210,0.02217,0.02202
7211,0.02215,0.022
7212,0.02218,0.02199
7213,0.02214,0.02206
7214,0.02212,0.02199
7215,0.02212,0.02209
7216,0.02207,0.02211
7217,0.02211,0.02208
7218,0.0221,0.02209
7219,0.02207,0.02208
7220,0.02213,0.02205
7221,0.02217,0.02206
7222,0.02204,0.02204
7223,0.02204,0.02209
7224,0.02203,0.02205
7225,0.0221,0.02207
7226,0.02209,0.02204
7227,0.0221,0.02202
7228,0.02211,0.02203
7229,0.02208,0.022
7230,0.02214,0.02203
7231,0.0221,0.02202
7232,0.02217,0.02198
7233,0.02215,0.02201
7234,0.02219,0.02196
7235,0.02216,0.02197
7236,0.02217,0.02205
7237,0.02208,0.02203
7238,0.02214,0.02205
7239,0.02212,0.02201
7240,0.02215,0.022
7241,0.02215,0.022
7242,0.02218,0.022
7243,0.02219,0.02201
7244,0.02216,0.02199
7245,0.02214,0.02202
7246,0.02216,0.02203
7247,0.02213,0.02202
7248,0.02215,0.02201
7249,0.02213,0.02203
7250,0.02212,0.02202
7251,0.02213,0.02207
7252,0.02203,0.02208
7253,0.02212,0.02206
7254,0.02211,0.022
7255,0.02206,0.02201
7256,0.02208,0.02201
7257,0.02211,0.02202
7258,0.02215,0.02205
7259,0.02213,0.02202
7260,0.0221,0.022
7261,0.02213,0.02202
7262,0.02213,0.02206
7263,0.02208,0.02202
7264,0.02217,0.02205
7265,0.02208,0.0221
7266,0.02203,0.02211
7267,0.02208,0.02208
7268,0.0221,0.02209
7269,0.02208,0.02204
7270,0.0221,0.02205
7271,0.02212,0.02205
7272,0.02214,0.0221
7273,0.02218,0.02197
7274,0.02223,0.02196
7275,0.02219,0.02195
7276,0.02216,0.02193
7277,0.02218,0.02195
7278,0.02222,0.02197
7279,0.02226,0.02192
7280,0.02224,0.02191
7281,0.02219,0.02196
7282,0.02219,0.02195
7283,0.02217,0.02198
7284,0.02219,0.02202
7285,0.02211,0.02201
7286,0.02216,0.022
7287,0.02212,0.02195
7288,0.02217,0.02202
7289,0.02212,0.022
7290,0.0221,0.02203
7291,0.02214,0.02198
7292,0.02218,0.02199
7293,0.02215,0.02199
7294,0.02215,0.022
7295,0.02213,0.02197
7296,0.02221,0.02197
7297,0.02214,0.02196
7298,0.02214,0.02195
7299,0.02214,0.02198
7300,0.02217,0.02199
7301,0.02214,0.02197
7302,0.02215,0.02195
7303,0.02217,0.02205
7304,0.0222,0.02197
7305,0.02212,0.02201
7306,0.02213,0.02199
7307,0.02212,0.02204
7308,0.02211,0.02204
7309,0.02208,0.02207
7310,0.02209,0.02208
7311,0.02209,0.02209
7312,0.02212,0.02205
7313,0.02209,0.02205
7314,0.02209,0.02205
7315,0.02216,0.0221
7316,0.02221,0.0221
7317,0.0221,0.02204
7318,0.02215,0.02202
7319,0.0221,0.02202
7320,0.02216,0.02201
7321,0.02211,0.02207
7322,0.02205,0.02207
7323,0.02206,0.02205
7324,0.02216,0.02204
7325,0.02207,0.02202
7326,0.02207,0.02204
7327,0.02208,0.02205
7328,0.02213,0.02207
7329,0.02219,0.02204
7330,0.02222,0.02195
7331,0.02226,0.022
7332,0.02216,0.022
7333,0.02211,0.02205
7334,0.02219,0.02202
7335,0.02211,0.02202
7336,0.02221,0.02201
7337,0.02218,0.02206
7338,0.02209,0.02198
7339,0.02212,0.02203
7340,0.02219,0.02204
7341,0.02209,0.02208
7342,0.02211,0.02199
7343,0.02211,0.02201
7344,0.0221,0.02202
7345,0.02206,0.02204
7346,0.02213,0.02202
7347,0.02212,0.02205
7348,0.02211,0.02201
7349,0.02214,0.02202
7350,0.02218,0.02207
7351,0.02217,0.02201
7352,0.02218,0.02203
7353,0.02213,0.02199
7354,0.02219,0.02203
7355,0.02229,0.02201
7356,0.02213,0.02196
7357,0.02223,0.02194
7358,0.02221,0.02194
7359,0.02219,0.02193
7360,0.02227,0.02194
7361,0.02232,0.02186
7362,0.02233,0.0219
7363,0.02227,0.02189
7364,0.02232,0.02187
7365,0.02228,0.02183
7366,0.02233,0.02187
7367,0.02229,0.02182
7368,0.02228,0.02184
7369,0.02227,0.02184
7370,0.02223,0.02186
7371,0.02227,0.02196
7372,0.02231,0.02184
7373,0.02232,0.02186
7374,0.02225,0.02189
7375,0.02227,0.02185
7376,0.02232,0.02182
7377,0.02228,0.02186
7378,0.02229,0.02186
7379,0.02231,0.02195
7380,0.02221,0.02191
7381,0.02223,0.02194
7382,0.02227,0.02189
7383,0.02229,0.02186
7384,0.02229,0.02193
7385,0.02233,0.02183
7386,0.0223,0.02185
7387,0.02228,0.02193
7388,0.02227,0.02186
7389,0.0223,0.02181
7390,0.02228,0.02186
7391,0.02227,0.02181
7392,0.02237,0.0218
7393,0.02235,0.0218
7394,0.02234,0.02173
7395,0.02234,0.02177
7396,0.02235,0.02181
7397,0.02235,0.02174
7398,0.0224,0.0218
7399,0.02241,0.02172
7400,0.02243,0.02174
7401,0.02237,0.02181
7402,0.02237,0.0217
7403,0.02237,0.02177
7404,0.02233,0.0218
7405,0.02232,0.02188
7406,0.02228,0.02184
7407,0.0223,0.02183
7408,0.02234,0.02181
7409,0.02237,0.02181
7410,0.02232,0.02188
7411,0.02232,0.02185
7412,0.02233,0.02178
7413,0.02237,0.02185
7414,0.02228,0.02183
7415,0.02227,0.02186
7416,0.02228,0.02192
7417,0.02224,0.02187
7418,0.02227,0.0219
7419,0.02226,0.02186
7420,0.02228,0.02189
7421,0.02234,0.02187
7422,0.02231,0.0219
7423,0.02236,0.02189
7424,0.02224,0.02186
7425,0.02228,0.02187
7426,0.02224,0.02192
7427,0.0223,0.02188
7428,0.02226,0.02186
7429,0.02223,0.02191
7430,0.02217,0.02191
7431,0.02217,0.02193
7432,0.02222,0.02196
7433,0.02225,0.0219
7434,0.02227,0.0219
7435,0.0223,0.02184
7436,0.02234,0.02185
7437,0.02229,0.02187
7438,0.02233,0.02177
7439,0.02233,0.02182
7440,0.02229,0.02183
7441,0.02226,0.02186
7442,0.0223,0.0218
7443,0.0223,0.02184
7444,0.02238,0.02186
7445,0.02225,0.0219
7446,0.02227,0.02189
7447,0.02228,0.02184
7448,0.02233,0.02181
7449,0.02236,0.02185
7450,0.02234,0.02179
7451,0.0224,0.02175
7452,0.02239,0.02177
7453,0.02238,0.02176
7454,0.02238,0.02172
7455,0.02232,0.02181
7456,0.02235,0.02183
7457,0.02231,0.02179
7458,0.02235,0.02176
7459,0.02229,0.02179
7460,0.02234,0.02177
7461,0.0223,0.02183
7462,0.02233,0.02186
7463,0.02231,0.02182
7464,0.02234,0.02184
7465,0.02233,0.02183
7466,0.02232,0.02185
7467,0.02232,0.02186
7468,0.02224,0.02186
7469,0.02238,0.02188
7470,0.02226,0.02186
7471,0.02231,0.02192
7472,0.02231,0.02186
7473,0.02231,0.02179
7474,0.02227,0.02185
7475,0.02226,0.02192
7476,0.02226,0.02193
7477,0.0222,0.02191
7478,0.02225,0.02195
7479,0.0222,0.02195
7480,0.02215,0.02197
7481,0.02222,0.02199
7482,0.02222,0.02189
7483,0.02224,0.02193
7484,0.02226,0.02194
7485,0.02227,0.0219
7486,0.02222,0.02195
7487,0.02223,0.0219
7488,0.02225,0.02189
7489,0.02223,0.02189
7490,0.02226,0.02189
7491,0.02225,0.02189
7492,0.02229,0.02187
7493,0.02225,0.02192
7494,0.02226,0.02187
7495,0.02226,0.02193
7496,0.02228,0.02195
7497,0.02219,0.02198
7498,0.02218,0.02201
7499,0.02214,0.02203
7500,0.02211,0.02202
7501,0.02211,0.022
7502,0.02221,0.02202
7503,0.02219,0.02201
7504,0.0221,0.0221
7505,0.02211,0.02203
7506,0.02217,0.02201
7507,0.02216,0.02201
7508,0.02211,0.02205
7509,0.0221,0.02202
7510,0.02208,0.02204
7511,0.02212,0.02206
7512,0.02205,0.02206
7513,0.02217,0.02207
7514,0.02218,0.0221
7515,0.0222,0.02196
7516,0.02216,0.022
7517,0.02214,0.022
7518,0.02214,0.02202
7519,0.02214,0.02201
7520,0.02215,0.02203
7521,0.02221,0.02202
7522,0.02214,0.02204
7523,0.02214,0.02209
7524,0.02208,0.02205
7525,0.02206,0.02207
7526,0.02206,0.0221
7527,0.02206,0.02208
7528,0.02202,0.02207
7529,0.02211,0.02214
7530,0.02211,0.02199
7531,0.02214,0.02204
7532,0.02211,0.02208
7533,0.02203,0.02208
7534,0.02205,0.02212
7535,0.02207,0.02211
7536,0.02204,0.0221
7537,0.02202,0.02216
7538,0.02206,0.02212
7539,0.02204,0.02217
7540,0.02208,0.02214
7541,0.02208,0.02214
7542,0.02207,0.02216
7543,0.02197,0.02216
7544,0.02197,0.02225
7545,0.022,0.02222
7546,0.02201,0.0222
7547,0.02198,0.02215
7548,0.02197,0.02216
7549,0.02202,0.02218
7550,0.02202,0.02224
7551,0.02198,0.02221
7552,0.02196,0.02221
7553,0.02197,0.0222
7554,0.02195,0.02222
7555,0.02193,0.02227
7556,0.02187,0.02229
7557,0.02191,0.02225
7558,0.02194,0.0223
7559,0.02188,0.02228
7560,0.02194,0.02224
7561,0.02194,0.02226
7562,0.02195,0.02223
7563,0.02188,0.02228
7564,0.02193,0.02229
7565,0.02191,0.02226
7566,0.02198,0.02223
7567,0.02191,0.02225
7568,0.02191,0.02219
7569,0.02198,0.02226
7570,0.02197,0.02215
7571,0.02199,0.02219
7572,0.02202,0.02222
7573,0.02197,0.02216
7574,0.02193,0.02217
7575,0.02196,0.02215
7576,0.02193,0.0222
7577,0.02202,0.02222
7578,0.02198,0.02222
7579,0.02196,0.02228
7580,0.02191,0.02219
7581,0.022,0.02222
7582,0.02197,0.02218
7583,0.02197,0.02219
7584,0.02196,0.0222
7585,0.02199,0.02221
7586,0.02199,0.0222
7587,0.02203,0.02219
7588,0.022,0.02218
7589,0.02195,0.02216
7590,0.02201,0.0222
7591,0.02211,0.02224
7592,0.0221,0.02208
7593,0.02205,0.02206
7594,0.02204,0.02209
7595,0.02203,0.02208
7596,0.02207,0.02206
7597,0.02203,0.02219
7598,0.02202,0.02215
7599,0.02206,0.02214
7600,0.02204,0.0221
7601,0.02213,0.02208
7602,0.02206,0.02203
7603,0.02208,0.02202
7604,0.02208,0.02201
7605,0.02214,0.02203
7606,0.0221,0.02208
7607,0.02211,0.02207
7608,0.02208,0.02209
7609,0.02211,0.02206
7610,0.02209,0.02207
7611,0.02216,0.02202
7612,0.02216,0.02198
7613,0.02208,0.022
7614,0.02219,0.02201
7615,0.02214,0.02197
7616,0.02216,0.022
7617,0.02218,0.02199
7618,0.02214,0.02199
7619,0.02213,0.02198
7620,0.02221,0.02196
7621,0.02224,0.02192
7622,0.02218,0.02192
7623,0.02219,0.02192
7624,0.02219,0.02192
7625,0.02228,0.02187
7626,0.02221,0.02198
7627,0.02226,0.02191
7628,0.02224,0.02199
7629,0.02217,0.0219
7630,0.02222,0.02194
7631,0.02224,0.02192
7632,0.02225,0.02191
7633,0.02231,0.02194
7634,0.0223,0.02191
7635,0.0223,0.02184
7636,0.02227,0.02185
7637,0.0223,0.02189
7638,0.02226,0.02189
7639,0.0223,0.02185
7640,0.02228,0.0219
7641,0.02224,0.02187
7642,0.02219,0.02192
7643,0.02222,0.02187
7644,0.02224,0.02195
7645,0.02226,0.02194
7646,0.0223,0.02191
7647,0.02223,0.02199
7648,0.02224,0.02189
7649,0.02224,0.0219
7650,0.02231,0.02186
7651,0.02232,0.02183
7652,0.0223,0.0219
7653,0.02229,0.02184
7654,0.02231,0.02187
7655,0.02231,0.02183
7656,0.02232,0.02184
7657,0.02227,0.02184
7658,0.02227,0.02184
7659,0.02231,0.02188
7660,0.02232,0.02185
7661,0.02232,0.02181
7662,0.02234,0.02185
7663,0.02236,0.0218
7664,0.02234,0.02182
7665,0.02231,0.02182
7666,0.02231,0.02182
7667,0.02227,0.02179
7668,0.02234,0.02182
7669,0.02232,0.02181
7670,0.02231,0.02179
7671,0.02244,0.02184
7672,0.02238,0.02183
7673,0.02236,0.02179
7674,0.02227,0.02188
7675,0.02241,0.02187
7676,0.02241,0.02184
7677,0.02227,0.02181
7678,0.0223,0.0218
7679,0.02232,0.02183
7680,0.02231,0.02187
7681,0.02228,0.02188
7682,0.02231,0.02186
7683,0.02231,0.02187
7684,0.02229,0.02192
7685,0.02223,0.02192
7686,0.0222,0.02193
7687,0.02229,0.02194
7688,0.02224,0.0219
7689,0.02224,0.02193
7690,0.02228,0.02195
7691,0.02226,0.02189
7692,0.02224,0.02189
7693,0.02226,0.02182
7694,0.02223,0.02193
7695,0.02226,0.02189
7696,0.02231,0.02187
7697,0.02225,0.02187
7698,0.02227,0.02192
7699,0.02219,0.02199
7700,0.02221,0.0219
7701,0.02219,0.02193
7702,0.02218,0.02192
7703,0.02222,0.02194
7704,0.02222,0.02197
7705,0.02227,0.02193
7706,0.02222,0.0219
7707,0.02221,0.02186
7708,0.02226,0.0219
7709,0.02225,0.02196
7710,0.02219,0.02191
7711,0.02225,0.02197
7712,0.02219,0.02191
7713,0.02221,0.02191
7714,0.02219,0.02198
7715,0.02223,0.02196
7716,0.02224,0.02195
7717,0.02226,0.02198
7718,0.0221,0.02198
7719,0.02215,0.02202
7720,0.02215,0.02194
7721,0.02215,0.02198
7722,0.02218,0.02199
7723,0.02217,0.02201
7724,0.02219,0.02198
7725,0.02219,0.02196
7726,0.02221,0.02199
7727,0.02223,0.02199
7728,0.02222,0.02197
7729,0.02222,0.02194
7730,0.02228,0.02192
7731,0.02223,0.02187
7732,0.02229,0.02188
7733,0.02227,0.02187
7734,0.02228,0.02189
7735,0.02224,0.02195
7736,0.0222,0.02193
7737,0.0222,0.02193
7738,0.02221,0.02192
7739,0.02222,0.02194
7740,0.02223,0.02197
7741,0.02223,0.02197
7742,0.02222,0.0219
7743,0.02223,0.02191
7744,0.02224,0.02196
7745,0.02221,0.0219
7746,0.02227,0.02187
7747,0.02219,0.0219
7748,0.02223,0.0219
7749,0.02221,0.02187
7750,0.02228,0.02189
7751,0.02226,0.02184
7752,0.02228,0.02188
7753,0.02228,0.02187
7754,0.02223,0.02192
7755,0.02228,0.02192
7756,0.02229,0.02192
7757,0.02225,0.02194
7758,0.02227,0.0219
7759,0.02225,0.0219
7760,0.02231,0.02192
7761,0.02229,0.02189
7762,0.02226,0.02191
7763,0.02222,0.02191
7764,0.02221,0.02204
7765,0.02218,0.02198
7766,0.02215,0.02198
7767,0.02214,0.022
7768,0.02215,0.02194
7769,0.02214,0.02194
7770,0.02219,0.02196
7771,0.02213,0.02197
7772,0.02227,0.022
7773,0.02217,0.02198
7774,0.02225,0.02196
7775,0.02219,0.02196
7776,0.02217,0.02189
7777,0.02221,0.02199
7778,0.02223,0.02195
7779,0.02222,0.02192
7780,0.0222,0.022
7781,0.02223,0.02198
7782,0.02224,0.02187
7783,0.02227,0.02185
7784,0.02233,0.02186
7785,0.02232,0.02182
7786,0.02229,0.02184
7787,0.02236,0.02179
7788,0.02234,0.02184
7789,0.0223,0.02187
7790,0.02227,0.02188
7791,0.02225,0.02187
7792,0.02223,0.0219
7793,0.02221,0.02186
7794,0.02225,0.02193
7795,0.02229,0.02194
7796,0.02237,0.02184
7797,0.02229,0.02191
7798,0.02229,0.02185
7799,0.02234,0.02188
7800,0.0223,0.02184
7801,0.02225,0.02189
7802,0.02225,0.02191
7803,0.0222,0.02189
7804,0.02221,0.02188
7805,0.02226,0.02193
7806,0.02222,0.02197
7807,0.02219,0.02193
7808,0.02223,0.02189
7809,0.02222,0.0219
7810,0.02223,0.02192
7811,0.02228,0.02192
7812,0.02226,0.02185
7813,0.02225,0.02182
7814,0.02233,0.02189
7815,0.02229,0.02187
7816,0.02224,0.02184
7817,0.02227,0.02184
7818,0.0223,0.0218
7819,0.02227,0.02186
7820,0.02225,0.02187
7821,0.0223,0.02185
7822,0.02229,0.02182
7823,0.02228,0.02186
7824,0.02224,0.02184
7825,0.02228,0.02181
7826,0.02227,0.02188
7827,0.02228,0.02185
7828,0.0223,0.02182
7829,0.02231,0.02184
7830,0.02231,0.02182
7831,0.02235,0.02189
7832,0.02228,0.02199
7833,0.02216,0.02192
7834,0.02218,0.02193
7835,0.02219,0.02197
7836,0.02217,0.02198
7837,0.02214,0.02197
7838,0.02212,0.02202
7839,0.02209,0.02206
7840,0.02207,0.02201
7841,0.02208,0.02209
7842,0.02215,0.02203
7843,0.0221,0.02199
7844,0.02215,0.02199
7845,0.02215,0.02202
7846,0.02218,0.022
7847,0.02218,0.02196
7848,0.02217,0.02196
7849,0.02221,0.02199
7850,0.0222,0.02213
7851,0.02211,0.022
7852,0.02213,0.02202
7853,0.02213,0.02202
7854,0.02218,0.02206
7855,0.02219,0.02198
7856,0.02217,0.02198
7857,0.02219,0.022
7858,0.02219,0.02198
7859,0.02219,0.02192
7860,0.0222,0.02194
7861,0.02221,0.02193
7862,0.0222,0.02194
7863,0.02219,0.02195
7864,0.0222,0.02192
7865,0.02226,0.02193
7866,0.02229,0.02188
7867,0.02223,0.02188
7868,0.02223,0.02189
7869,0.02223,0.02193
7870,0.02224,0.02189
7871,0.02223,0.02187
7872,0.02222,0.02187
7873,0.02229,0.02188
7874,0.02235,0.02184
7875,0.02224,0.02187
7876,0.02226,0.02186
7877,0.0223,0.02185
7878,0.02231,0.02182
7879,0.02231,0.02189
7880,0.0223,0.02186
7881,0.02229,0.02186
7882,0.02233,0.02179
7883,0.02236,0.0218
7884,0.02241,0.02176
7885,0.02242,0.02175
7886,0.02242,0.0217
7887,0.02243,0.02176
7888,0.02245,0.0217
7889,0.02246,0.02173
7890,0.02246,0.02172
7891,0.02239,0.02172
7892,0.0224,0.02173
7893,0.02236,0.02176
7894,0.02245,0.02176
7895,0.02246,0.02175
7896,0.02243,0.02181
7897,0.02233,0.02184
7898,0.02232,0.02183
7899,0.0223,0.02186
7900,0.0224,0.02178
7901,0.02232,0.02178
7902,0.02236,0.02183
7903,0.02237,0.02181
7904,0.02233,0.02183
7905,0.02232,0.02191
7906,0.02232,0.02183
7907,0.02227,0.02183
7908,0.02229,0.02189
7909,0.02229,0.02186
7910,0.02226,0.0219
7911,0.02229,0.02191
7912,0.02231,0.02185
7913,0.02229,0.02187
7914,0.02233,0.02186
7915,0.02226,0.02184
7916,0.02228,0.0219
7917,0.02223,0.02188
7918,0.02223,0.02193
7919,0.02226,0.02193
7920,0.02223,0.02193
7921,0.02226,0.02193
7922,0.02227,0.02182
7923,0.02226,0.02188
7924,0.02235,0.02184
7925,0.02236,0.0218
7926,0.02234,0.02179
7927,0.02237,0.02182
7928,0.02228,0.02179
7929,0.02233,0.02185
7930,0.02237,0.02181
7931,0.02229,0.02179
7932,0.02229,0.02185
7933,0.0223,0.02186
7934,0.02228,0.02182
7935,0.02229,0.02183
7936,0.02233,0.02181
7937,0.0223,0.0218
7938,0.02232,0.02177
7939,0.02235,0.02177
7940,0.0224,0.02176
7941,0.02238,0.02174
7942,0.02232,0.02183
7943,0.0223,0.02185
7944,0.02231,0.02181
7945,0.02234,0.0218
7946,0.02244,0.02183
7947,0.02233,0.02178
7948,0.02237,0.02178
7949,0.02236,0.02174
7950,0.0224,0.02173
7951,0.02246,0.02169
7952,0.02245,0.02174
7953,0.02242,0.02173
7954,0.0224,0.02172
7955,0.02237,0.0217
7956,0.02243,0.02172
7957,0.02248,0.02166
7958,0.02241,0.02172
7959,0.02236,0.0217
7960,0.0224,0.02171
7961,0.02237,0.02172
7962,0.02242,0.02172
7963,0.02244,0.02163
7964,0.02246,0.02165
7965,0.02248,0.02169
7966,0.02251,0.02166
7967,0.02251,0.02167
7968,0.02246,0.02165
7969,0.02245,0.02168
7970,0.02244,0.02169
7971,0.02239,0.02169
7972,0.02239,0.0217
7973,0.02238,0.02178
7974,0.0224,0.02172
7975,0.02242,0.02168
7976,0.02241,0.02174
7977,0.0224,0.02172
7978,0.0224,0.02171
7979,0.02243,0.02173
7980,0.02241,0.02175
7981,0.02239,0.02173
7982,0.0224,0.0217
7983,0.02243,0.02176
7984,0.02241,0.02172
7985,0.02238,0.02174
7986,0.02238,0.02178
7987,0.02235,0.02175
7988,0.02234,0.02178
7989,0.02232,0.02182
7990,0.02232,0.02178
7991,0.02236,0.02181
7992,0.02235,0.02174
7993,0.0224,0.02178
7994,0.02236,0.02181
7995,0.02228,0.02189
7996,0.02237,0.02186
7997,0.0223,0.02187
7998,0.02235,0.0218
7999,0.02235,0.02188
8000,0.02226,0.02191
8001,0.02225,0.02194
8002,0.02221,0.02193
8003,0.02229,0.02197
8004,0.0223,0.0219
8005,0.0222,0.02191
8006,0.02222,0.0219
8007,0.02222,0.02192
8008,0.02223,0.02194
8009,0.02216,0.02196
8010,0.02214,0.02197
8011,0.02213,0.02201
8012,0.02218,0.02197
8013,0.02223,0.02199
8014,0.0222,0.02196
8015,0.02217,0.02204
8016,0.02217,0.022
8017,0.02214,0.02199
8018,0.02216,0.02202
8019,0.02213,0.02198
8020,0.02217,0.02197
8021,0.02216,0.02201
8022,0.0222,0.02202
8023,0.02215,0.02197
8024,0.02216,0.02199
8025,0.02216,0.02198
8026,0.02213,0.02198
8027,0.02221,0.02202
8028,0.02219,0.02193
8029,0.02226,0.02199
8030,0.02232,0.02185
8031,0.02223,0.02187
8032,0.02232,0.02189
8033,0.02232,0.0218
8034,0.02228,0.02181
8035,0.02231,0.02183
8036,0.02233,0.02184
8037,0.02232,0.02185
8038,0.02226,0.02183
8039,0.02226,0.02185
8040,0.02234,0.02181
8041,0.02235,0.02183
8042,0.02236,0.02183
8043,0.02232,0.02184
8044,0.02228,0.02181
8045,0.02236,0.02184
8046,0.02239,0.02182
8047,0.02228,0.02179
8048,0.02232,0.02179
8049,0.02242,0.02182
8050,0.02233,0.02183
8051,0.02226,0.02181
8052,0.02229,0.0218
8053,0.02228,0.0218
8054,0.02231,0.02183
8055,0.02238,0.02183
8056,0.02234,0.02183
8057,0.02232,0.02189
8058,0.02225,0.02189
8059,0.02232,0.02185
8060,0.0223,0.02183
8061,0.02233,0.02183
8062,0.02231,0.02185
8063,0.02231,0.02187
8064,0.02223,0.02186
8065,0.0223,0.02186
8066,0.02229,0.0219
8067,0.02232,0.02195
8068,0.02231,0.02183
8069,0.02233,0.02188
8070,0.02227,0.02182
8071,0.02228,0.02184
8072,0.02233,0.02186
8073,0.02235,0.02176
8074,0.02236,0.02181
8075,0.02234,0.02186
8076,0.02225,0.02189
8077,0.02224,0.0219
8078,0.02229,0.02186
8079,0.02223,0.02187
8080,0.02224,0.02192
8081,0.02223,0.0219
8082,0.0222,0.02191
8083,0.02226,0.02199
8084,0.02231,0.02193
8085,0.0222,0.0219
8086,0.02219,0.02197
8087,0.02224,0.02195
8088,0.02225,0.02193
8089,0.02232,0.02188
8090,0.02226,0.02187
8091,0.0223,0.02188
8092,0.02229,0.02188
8093,0.0223,0.02182
8094,0.0223,0.02187
8095,0.02236,0.02189
8096,0.02235,0.02182
8097,0.02231,0.02185
8098,0.02233,0.0218
8099,0.02235,0.02177
8100,0.02235,0.02181
8101,0.02233,0.02179
8102,0.02232,0.02178
8103,0.02229,0.02185
8104,0.02229,0.02187
8105,0.02228,0.02184
8106,0.02226,0.02189
8107,0.02234,0.02183
8108,0.02238,0.02188
8109,0.02229,0.02185
8110,0.02231,0.02183
8111,0.0223,0.02183
8112,0.02234,0.02185
8113,0.02236,0.02178
8114,0.02241,0.02183
8115,0.02231,0.02181
8116,0.02233,0.02193
8117,0.02228,0.02185
8118,0.02228,0.02182
8119,0.02226,0.0219
8120,0.02228,0.02185
8121,0.0223,0.02185
8122,0.0223,0.02188
8123,0.02224,0.02183
8124,0.02222,0.02186
8125,0.02228,0.0219
8126,0.02229,0.02184
8127,0.02231,0.02186
8128,0.02219,0.02197
8129,0.0222,0.02194
8130,0.02223,0.02192
8131,0.02232,0.0219
8132,0.02227,0.02187
8133,0.02227,0.0219
8134,0.02225,0.02185
8135,0.02221,0.02193
8136,0.02223,0.02191
8137,0.02223,0.02191
8138,0.02226,0.0219
8139,0.0222,0.02191
8140,0.02227,0.02191
8141,0.02229,0.02192
8142,0.0223,0.02189
8143,0.02227,0.02189
8144,0.02223,0.02188
8145,0.02225,0.0219
8146,0.02222,0.02191
8147,0.02225,0.02192
8148,0.02226,0.02188
8149,0.02231,0.02187
8150,0.02233,0.02184
8151,0.02239,0.02186
8152,0.02241,0.02177
8153,0.02237,0.02178
8154,0.02236,0.02175
8155,0.02233,0.0218
8156,0.02232,0.0218
8157,0.02234,0.02178
8158,0.02238,0.02175
8159,0.02239,0.02179
8160,0.02238,0.02177
8161,0.02236,0.0218
8162,0.02236,0.02185
8163,0.02237,0.02177
8164,0.02236,0.02185
8165,0.0223,0.02191
8166,0.02224,0.02189
8167,0.02227,0.02183
8168,0.02226,0.0218
8169,0.02229,0.02182
8170,0.02227,0.02186
8171,0.02233,0.02187
8172,0.02232,0.02185
8173,0.0223,0.02185
8174,0.02225,0.02186
8175,0.02227,0.02184
8176,0.02225,0.02184
8177,0.02223,0.02183
8178,0.02221,0.0219
8179,0.02223,0.02193
8180,0.02221,0.02192
8181,0.02223,0.0219
8182,0.02226,0.02195
8183,0.02224,0.02193
8184,0.02227,0.02187
8185,0.02222,0.02188
8186,0.02229,0.02201
8187,0.0223,0.02188
8188,0.02229,0.02189
8189,0.0222,0.02186
8190,0.02229,0.0219
8191,0.02228,0.02185
8192,0.0223,0.02181
8193,0.02226,0.02183
8194,0.02227,0.02184
8195,0.02227,0.0218
8196,0.02227,0.02189
8197,0.02233,0.02185
8198,0.02223,0.02189
8199,0.02231,0.02182
8200,0.02228,0.02181
8201,0.02235,0.02182
8202,0.02235,0.02176
8203,0.02237,0.02174
8204,0.0224,0.02176
8205,0.02237,0.02179
8206,0.02238,0.02176
8207,0.02239,0.02177
8208,0.02239,0.02177
8209,0.0224,0.02177
8210,0.02238,0.02182
8211,0.0223,0.02181
8212,0.02234,0.02178
8213,0.02238,0.02182
8214,0.02236,0.02187
8215,0.02227,0.02188
8216,0.02226,0.02187
8217,0.02221,0.0219
8218,0.02226,0.0219
8219,0.02226,0.0219
8220,0.02233,0.02184
8221,0.02233,0.02177
8222,0.02238,0.02187
8223,0.0223,0.02176
8224,0.02231,0.02181
8225,0.02237,0.02179
8226,0.02235,0.02176
8227,0.02231,0.02185
8228,0.02229,0.02183
8229,0.0223,0.02192
8230,0.02227,0.02188
8231,0.02229,0.02186
8232,0.02227,0.02191
8233,0.02225,0.0219
8234,0.02225,0.02192
8235,0.0222,0.02187
8236,0.02223,0.02187
8237,0.02228,0.02185
8238,0.02228,0.02186
8239,0.02229,0.02184
8240,0.02228,0.02186
8241,0.02221,0.02191
8242,0.02221,0.02189
8243,0.02218,0.02196
8244,0.0222,0.02195
8245,0.02215,0.02191
8246,0.02214,0.02197
8247,0.02217,0.02195
8248,0.02222,0.02196
8249,0.02215,0.02198
8250,0.02215,0.02199
8251,0.02216,0.02196
8252,0.02215,0.02195
8253,0.02213,0.02203
8254,0.02216,0.02196
8255,0.02222,0.02198
8256,0.02217,0.02194
8257,0.02218,0.02197
8258,0.02225,0.02194
8259,0.02226,0.02188
8260,0.02228,0.02189
8261,0.02225,0.0219
8262,0.02226,0.02192
8263,0.02229,0.02193
8264,0.02219,0.02192
8265,0.02219,0.02191
8266,0.02219,0.02193
8267,0.02223,0.02195
8268,0.02224,0.02184
8269,0.02223,0.02199
8270,0.02227,0.02189
8271,0.0223,0.02193
8272,0.02222,0.0219
8273,0.02233,0.02194
8274,0.02223,0.02188
8275,0.02229,0.02194
8276,0.02227,0.02189
8277,0.02228,0.02184
8278,0.02229,0.02188
8279,0.02236,0.02185
8280,0.02226,0.02185
8281,0.02227,0.02184
8282,0.02232,0.02185
8283,0.02223,0.02189
8284,0.02227,0.02186
8285,0.02226,0.02183
8286,0.02233,0.02184
8287,0.02234,0.02179
8288,0.02233,0.02179
8289,0.02236,0.02178
8290,0.02234,0.02177
8291,0.02238,0.02177
8292,0.02241,0.02181
8293,0.02241,0.02183
8294,0.02236,0.02183
8295,0.02235,0.02183
8296,0.02232,0.02189
8297,0.02233,0.02179
8298,0.02235,0.02186
8299,0.02228,0.02182
8300,0.02231,0.02188
8301,0.02231,0.02185
8302,0.02224,0.02188
8303,0.02224,0.02192
8304,0.02224,0.02189
8305,0.02221,0.02191
8306,0.02223,0.02196
8307,0.02232,0.02193
8308,0.02222,0.02195
8309,0.02231,0.02194
8310,0.02228,0.02193
8311,0.02232,0.0219
8312,0.02233,0.02181
8313,0.02229,0.02184
8314,0.02226,0.02186
8315,0.02229,0.02182
8316,0.0223,0.02183
8317,0.02231,0.02181
8318,0.0223,0.02185
8319,0.02226,0.02183
8320,0.02229,0.02187
8321,0.02229,0.02192
8322,0.02227,0.02192
8323,0.02225,0.0219
8324,0.02235,0.02196
8325,0.0223,0.02189
8326,0.02229,0.02184
8327,0.02234,0.02184
8328,0.02231,0.02177
8329,0.0223,0.02179
8330,0.02233,0.02181
8331,0.02234,0.02178
8332,0.02234,0.02176
8333,0.02231,0.02185
8334,0.02235,0.0218
8335,0.02233,0.0218
8336,0.02239,0.02181
8337,0.02239,0.02178
8338,0.02236,0.0218
8339,0.02243,0.02185
8340,0.0224,0.02176
8341,0.02244,0.02172
8342,0.02236,0.02168
8343,0.0224,0.02174
8344,0.0224,0.02175
8345,0.02241,0.02175
8346,0.02241,0.02169
8347,0.02246,0.02177
8348,0.02237,0.02171
8349,0.0224,0.02172
8350,0.02238,0.02171
8351,0.02242,0.02177
8352,0.02236,0.02178
8353,0.02237,0.0218
8354,0.02237,0.02174
8355,0.02238,0.02179
8356,0.0224,0.02176
8357,0.02232,0.02178
8358,0.02234,0.0218
8359,0.02229,0.02189
8360,0.0223,0.02185
8361,0.02236,0.02183
8362,0.02236,0.02176
8363,0.02239,0.02174
8364,0.02237,0.02176
8365,0.02245,0.02176
8366,0.02246,0.02171
8367,0.02242,0.02179
8368,0.02236,0.02177
8369,0.02237,0.02177
8370,0.02247,0.02176
8371,0.02239,0.02177
8372,0.02234,0.02176
8373,0.02239,0.02172
8374,0.02239,0.02178
8375,0.02236,0.02175
8376,0.02236,0.02174
8377,0.02237,0.02179
8378,0.02238,0.02179
8379,0.02236,0.02181
8380,0.02237,0.02182
8381,0.02231,0.02184
8382,0.02237,0.02185
8383,0.02232,0.02184
8384,0.02234,0.02181
8385,0.02236,0.02179
8386,0.02246,0.0218
8387,0.02237,0.0218
8388,0.02243,0.02179
8389,0.02237,0.02178
8390,0.02235,0.02181
8391,0.02232,0.0218
8392,0.02234,0.02177
8393,0.02238,0.02182
8394,0.02235,0.02183
8395,0.02236,0.02178
8396,0.02233,0.02178
8397,0.02241,0.02182
8398,0.02229,0.02177
8399,0.0224,0.02178
8400,0.02241,0.02179
8401,0.02232,0.02174
8402,0.02235,0.02182
8403,0.02233,0.0218
8404,0.02234,0.02181
8405,0.0223,0.02187
8406,0.02236,0.02183
8407,0.02232,0.02186
8408,0.02225,0.02187
8409,0.0223,0.02188
8410,0.02225,0.02193
8411,0.0223,0.02193
8412,0.02237,0.02182
8413,0.02233,0.02189
8414,0.02232,0.02185
8415,0.02225,0.02185
8416,0.02225,0.02189
8417,0.02228,0.02186
8418,0.02232,0.02181
8419,0.0223,0.02182
8420,0.02235,0.02185
8421,0.02236,0.0218
8422,0.02233,0.02179
8423,0.02237,0.0218
8424,0.02238,0.02179
8425,0.02236,0.02181
8426,0.02236,0.0218
8427,0.02232,0.02176
8428,0.02234,0.02177
8429,0.02234,0.02184
8430,0.02234,0.02179
8431,0.02235,0.02178
8432,0.02238,0.02177
8433,0.02233,0.02175
8434,0.02233,0.0218
8435,0.02237,0.02181
8436,0.02235,0.02177
8437,0.02232,0.02178
8438,0.02232,0.02179
8439,0.02233,0.02175
8440,0.02233,0.02176
8441,0.02237,0.02178
8442,0.02231,0.02178
8443,0.02232,0.02176
8444,0.02232,0.02181
8445,0.02232,0.02184
8446,0.02228,0.02186
8447,0.02227,0.02187
8448,0.02225,0.02191
8449,0.02224,0.02184
8450,0.02226,0.02187
8451,0.02227,0.02182
8452,0.02233,0.02182
8453,0.02246,0.02177
8454,0.02246,0.02168
8455,0.02247,0.02171
8456,0.02252,0.02158
8457,0.02249,0.02162
8458,0.02248,0.02166
8459,0.02247,0.02165
8460,0.02243,0.02166
8461,0.02239,0.02169
8462,0.02243,0.02173
8463,0.0224,0.02177
8464,0.02241,0.02174
8465,0.02242,0.0218
8466,0.0224,0.02173
8467,0.02241,0.02173
8468,0.02236,0.02172
8469,0.02239,0.02178
8470,0.02237,0.02174
8471,0.02243,0.02172
8472,0.0224,0.02177
8473,0.0224,0.02175
8474,0.02246,0.02172
8475,0.02241,0.0217
8476,0.0224,0.02174
8477,0.02245,0.0217
8478,0.02243,0.02168
8479,0.02246,0.02175
8480,0.02239,0.02172
8481,0.02242,0.02171
8482,0.0224,0.02172
8483,0.02239,0.0217
8484,0.02245,0.02169
8485,0.02244,0.02169
8486,0.02244,0.02169
8487,0.02245,0.02171
8488,0.02245,0.02172
8489,0.0224,0.02175
8490,0.02234,0.02178
8491,0.02234,0.02172
8492,0.02235,0.02175
8493,0.02237,0.02174
8494,0.02233,0.02179
8495,0.02229,0.02185
8496,0.02225,0.02182
8497,0.02228,0.02191
8498,0.02225,0.02187
8499,0.02222,0.02186
8500,0.02233,0.02184
8501,0.02225,0.0218
8502,0.0223,0.02183
8503,0.02235,0.02175
8504,0.0223,0.02183
8505,0.02229,0.02185
8506,0.02227,0.02186
8507,0.02221,0.02187
8508,0.0223,0.02194
8509,0.02227,0.02186
8510,0.02228,0.02193
8511,0.02233,0.0219
8512,0.02229,0.02186
8513,0.02229,0.02182
8514,0.02233,0.0218
8515,0.02233,0.02184
8516,0.02229,0.02183
8517,0.02226,0.02184
8518,0.0223,0.02187
8519,0.02233,0.02188
8520,0.0223,0.02183
8521,0.02228,0.02184
8522,0.02236,0.02183
8523,0.02233,0.02181
8524,0.02235,0.02183
8525,0.02233,0.02185
8526,0.02227,0.02184
8527,0.02226,0.02187
8528,0.02227,0.02185
8529,0.02227,0.02187
8530,0.02225,0.02184
8531,0.0223,0.02188
8532,0.02231,0.0218
8533,0.02235,0.02179
8534,0.02232,0.02184
8535,0.02233,0.02189
8536,0.0224,0.02191
8537,0.02227,0.02189
8538,0.02227,0.0219
8539,0.02226,0.02187
8540,0.02226,0.02192
8541,0.02218,0.02191
8542,0.02228,0.02191
8543,0.02227,0.02188
8544,0.02228,0.02188
8545,0.02224,0.02185
8546,0.02225,0.02187
8547,0.02232,0.02188
8548,0.02225,0.02187
8549,0.02223,0.02187
8550,0.0223,0.02187
8551,0.02232,0.02186
8552,0.02228,0.02191
8553,0.02227,0.02189
8554,0.02221,0.02194
8555,0.02223,0.02198
8556,0.02222,0.02197
8557,0.02223,0.02191
8558,0.0222,0.02196
8559,0.02227,0.02197
8560,0.02218,0.02198
8561,0.02218,0.02195
8562,0.02216,0.02197
8563,0.02219,0.02195
8564,0.02217,0.02193
8565,0.02214,0.02194
8566,0.0222,0.02192
8567,0.02215,0.02198
8568,0.02228,0.02198
8569,0.02227,0.02185
8570,0.02227,0.02188
8571,0.0222,0.0219
8572,0.02222,0.02191
8573,0.02224,0.0219
8574,0.02225,0.02189
8575,0.02227,0.02193
8576,0.02224,0.0219
8577,0.02226,0.02186
8578,0.02232,0.02183
8579,0.02238,0.02184
8580,0.02235,0.02183
8581,0.0224,0.02176
8582,0.02239,0.02171
8583,0.02241,0.02176
8584,0.02233,0.02178
8585,0.02239,0.02177
8586,0.02232,0.02176
8587,0.02244,0.02177
8588,0.02243,0.02176
8589,0.02245,0.02181
8590,0.0223,0.02187
8591,0.02226,0.02188
8592,0.0223,0.02187
8593,0.0223,0.02178
8594,0.02234,0.02181
8595,0.02237,0.02182
8596,0.02238,0.02182
8597,0.02236,0.02185
8598,0.02243,0.02186
8599,0.02237,0.02184
8600,0.02236,0.02179
8601,0.02237,0.02176
8602,0.02237,0.02175
8603,0.02238,0.02175
8604,0.02238,0.02173
8605,0.02235,0.02174
8606,0.02236,0.02174
8607,0.02238,0.02176
8608,0.0224,0.02176
8609,0.02237,0.02171
8610,0.0224,0.02173
8611,0.02239,0.0218
8612,0.02239,0.02172
8613,0.0224,0.02172
8614,0.02239,0.02174
8615,0.0224,0.02176
8616,0.02238,0.02182
8617,0.02233,0.0218
8618,0.02235,0.02174
8619,0.02242,0.02175
8620,0.02242,0.02173
8621,0.02236,0.02181
8622,0.02236,0.02181
8623,0.02238,0.0218
8624,0.02234,0.02181
8625,0.02231,0.02186
8626,0.02223,0.02188
8627,0.02225,0.02191
8628,0.02224,0.02191
8629,0.0222,0.02193
8630,0.02224,0.02192
8631,0.02221,0.02191
8632,0.02223,0.02194
8633,0.02229,0.02194
8634,0.02221,0.022
8635,0.02214,0.02199
8636,0.02216,0.022
8637,0.02211,0.02194
8638,0.02218,0.02201
8639,0.02227,0.02194
8640,0.02222,0.0219
8641,0.02227,0.02189
8642,0.02224,0.02195
8643,0.02222,0.0219
8644,0.02224,0.0219
8645,0.02222,0.02193
8646,0.02224,0.02189
8647,0.02224,0.02196
8648,0.02221,0.02191
8649,0.02227,0.02188
8650,0.02233,0.02197
8651,0.02216,0.02193
8652,0.02216,0.02197
8653,0.02215,0.02192
8654,0.02216,0.02197
8655,0.02221,0.02189
8656,0.0222,0.02195
8657,0.02222,0.02195
8658,0.02223,0.02199
8659,0.02213,0.02201
8660,0.02215,0.022
8661,0.02214,0.02201
8662,0.02216,0.022
8663,0.02213,0.02206
8664,0.02211,0.02204
8665,0.02212,0.02202
8666,0.02213,0.02204
8667,0.02206,0.02203
8668,0.02214,0.02205
8669,0.02215,0.02206
8670,0.02216,0.02198
8671,0.02216,0.02198
8672,0.02212,0.02198
8673,0.02215,0.02198
8674,0.02213,0.02201
8675,0.02214,0.02202
8676,0.02218,0.02194
8677,0.02213,0.02198
8678,0.02211,0.02199
8679,0.02219,0.02194
8680,0.0222,0.02196
8681,0.02219,0.02198
8682,0.02219,0.02196
8683,0.02216,0.02202
8684,0.02217,0.022
8685,0.0222,0.022
8686,0.02214,0.02196
8687,0.02216,0.02195
8688,0.02225,0.02195
8689,0.02223,0.02194
8690,0.02219,0.02192
8691,0.02223,0.02191
8692,0.02224,0.02192
8693,0.02217,0.02196
8694,0.02219,0.02195
8695,0.02222,0.02188
8696,0.02216,0.02193
8697,0.0222,0.02194
8698,0.02223,0.02192
8699,0.0222,0.02194
8700,0.02224,0.02185
8701,0.02227,0.02184
8702,0.02226,0.0218
8703,0.02235,0.02181
8704,0.02239,0.02176
8705,0.02236,0.02177
8706,0.02229,0.02182
8707,0.02226,0.02178
8708,0.02236,0.02181
8709,0.02227,0.02184
8710,0.02231,0.02185
8711,0.02238,0.02186
8712,0.02242,0.02181
8713,0.02239,0.02178
8714,0.02244,0.02182
8715,0.0223,0.02188
8716,0.02227,0.02185
8717,0.02227,0.02186
8718,0.02226,0.02183
8719,0.02228,0.02187
8720,0.02229,0.02183
8721,0.02226,0.02185
8722,0.02233,0.02188
8723,0.02221,0.02187
8724,0.02224,0.02188
8725,0.0222,0.02191
8726,0.02223,0.02189
8727,0.02218,0.02193
8728,0.02226,0.02189
8729,0.02237,0.02186
8730,0.02233,0.02188
8731,0.02228,0.02189
8732,0.02227,0.02188
8733,0.02226,0.0219
8734,0.02226,0.02187
8735,0.02223,0.02193
8736,0.02223,0.0219
8737,0.02219,0.02196
8738,0.02218,0.02191
8739,0.02219,0.02194
8740,0.02219,0.0219
8741,0.02222,0.02197
8742,0.02221,0.02193
8743,0.0222,0.02186
8744,0.02218,0.02192
8745,0.02224,0.02187
8746,0.02225,0.02194
8747,0.02226,0.02192
8748,0.02222,0.02189
8749,0.02222,0.02188
8750,0.02231,0.02192
8751,0.02229,0.02189
8752,0.02224,0.02186
8753,0.02227,0.02188
8754,0.02228,0.02195
8755,0.0223,0.02188
8756,0.02228,0.02187
8757,0.02227,0.02192
8758,0.02232,0.02178
8759,0.02231,0.02183
8760,0.02228,0.02187
8761,0.02231,0.0218
8762,0.02225,0.02185
8763,0.0223,0.02191
8764,0.02231,0.02194
8765,0.02229,0.02183
8766,0.02229,0.02187
8767,0.02226,0.02184
8768,0.0223,0.0218
8769,0.02235,0.02177
8770,0.02234,0.02187
8771,0.02226,0.02188
8772,0.02231,0.02181
8773,0.02231,0.0219
8774,0.02233,0.02182
8775,0.02236,0.02187
8776,0.02228,0.0219
8777,0.02236,0.0219
8778,0.02229,0.02186
8779,0.02227,0.02188
8780,0.02223,0.02187
8781,0.02223,0.02187
8782,0.02225,0.02189
8783,0.02222,0.02193
8784,0.02223,0.02193
8785,0.02224,0.02197
8786,0.02226,0.02188
8787,0.02224,0.0219
8788,0.02221,0.02191
8789,0.02228,0.02194
8790,0.02228,0.02192
8791,0.02224,0.02193
8792,0.02219,0.02192
8793,0.02224,0.0219
8794,0.02217,0.02203
8795,0.02219,0.02196
8796,0.02224,0.02193
8797,0.02222,0.02191
8798,0.02224,0.0219
8799,0.02227,0.02188
8800,0.02227,0.02192
8801,0.0223,0.02196
8802,0.02226,0.02187
8803,0.02226,0.02189
8804,0.02218,0.02195
8805,0.02226,0.02195
8806,0.02224,0.02191
8807,0.02222,0.02196
8808,0.02218,0.02204
8809,0.02221,0.02196
8810,0.02225,0.02196
8811,0.02221,0.02194
8812,0.02221,0.02198
8813,0.02221,0.02197
8814,0.02224,0.02193
8815,0.02225,0.02188
8816,0.02225,0.02192
8817,0.02219,0.02194
8818,0.02223,0.02193
8819,0.02225,0.02193
8820,0.02226,0.02186
8821,0.02229,0.0219
8822,0.02225,0.02192
8823,0.02221,0.02194
8824,0.02226,0.0219
8825,0.02224,0.02195
8826,0.02219,0.02189
8827,0.0222,0.02195
8828,0.02228,0.02187
8829,0.02221,0.02188
8830,0.02231,0.02191
8831,0.0222,0.02186
8832,0.02224,0.02191
8833,0.0222,0.02193
8834,0.02215,0.02195
8835,0.02225,0.02194
8836,0.02218,0.02195
8837,0.02222,0.02197
8838,0.02222,0.02192
8839,0.02223,0.02197
8840,0.02216,0.02204
8841,0.02208,0.02201
8842,0.02217,0.02204
8843,0.02217,0.02201
8844,0.02218,0.02199
8845,0.02214,0.02199
8846,0.0222,0.02199
8847,0.02223,0.02196
8848,0.02223,0.02195
8849,0.02222,0.02191
8850,0.02223,0.02191
8851,0.02224,0.02193
8852,0.02224,0.02192
8853,0.02221,0.02186
8854,0.02224,0.0219
8855,0.02222,0.02197
8856,0.02219,0.02194
8857,0.02223,0.02193
8858,0.02221,0.02193
8859,0.02224,0.02191
8860,0.0222,0.02189
8861,0.02225,0.02194
8862,0.02227,0.02192
8863,0.02227,0.02196
8864,0.02225,0.02201
8865,0.02224,0.02198
8866,0.02224,0.02195
8867,0.02219,0.02202
8868,0.02215,0.02199
8869,0.02214,0.02203
8870,0.02221,0.02193
8871,0.02221,0.0219
8872,0.02224,0.02194
8873,0.02221,0.02191
8874,0.02219,0.02195
8875,0.02223,0.02191
8876,0.02221,0.02194
8877,0.02219,0.02189
8878,0.02228,0.02188
8879,0.02226,0.02183
8880,0.02229,0.02185
8881,0.02227,0.02188
8882,0.02224,0.02191
8883,0.02224,0.02195
8884,0.02219,0.02194
8885,0.02217,0.02194
8886,0.02222,0.022
8887,0.02222,0.02195
8888,0.02221,0.02188
8889,0.02225,0.02188
8890,0.02231,0.02186
8891,0.02224,0.02189
8892,0.02231,0.02189
8893,0.02229,0.02184
8894,0.02235,0.02186
8895,0.0223,0.02179
8896,0.0224,0.0218
8897,0.0224,0.02182
8898,0.02227,0.02183
8899,0.0223,0.0218
8900,0.02234,0.02184
8901,0.02226,0.02183
8902,0.02228,0.02184
8903,0.02229,0.02188
8904,0.02231,0.02183
8905,0.02231,0.0218
8906,0.02229,0.02186
8907,0.02235,0.02184
8908,0.02232,0.02185
8909,0.02228,0.02191
8910,0.02232,0.0219
8911,0.02231,0.02189
8912,0.02226,0.02189
8913,0.02229,0.02188
8914,0.02228,0.02195
8915,0.02219,0.02197
8916,0.02219,0.02193
8917,0.02223,0.02191
8918,0.0222,0.02198
8919,0.02216,0.02197
8920,0.02214,0.02202
8921,0.02218,0.02205
8922,0.02218,0.02204
8923,0.02207,0.02201
8924,0.02207,0.02211
8925,0.02203,0.02207
8926,0.02205,0.02206
8927,0.02208,0.02206
8928,0.02209,0.02202
8929,0.02209,0.02206
8930,0.02207,0.02206
8931,0.02205,0.02205
8932,0.02208,0.02209
8933,0.02209,0.0221
8934,0.02207,0.02214
8935,0.02201,0.02212
8936,0.02201,0.02214
8937,0.022,0.02216
8938,0.02205,0.02216
8939,0.0221,0.02209
8940,0.02206,0.02222
8941,0.02197,0.02215
8942,0.02196,0.02219
8943,0.02194,0.02218
8944,0.02198,0.02223
8945,0.02198,0.02223
8946,0.02192,0.02223
8947,0.022,0.02222
8948,0.02195,0.02217
8949,0.02191,0.02219
8950,0.0219,0.02227
8951,0.02195,0.02224
8952,0.02198,0.0222
8953,0.02191,0.02221
8954,0.02197,0.02219
8955,0.02202,0.02212
8956,0.022,0.02212
8957,0.022,0.02223
8958,0.02192,0.02225
8959,0.02186,0.02228
8960,0.02202,0.02231
8961,0.02201,0.02225
8962,0.02191,0.02223
8963,0.02194,0.02225
8964,0.02191,0.02226
8965,0.02189,0.02227
8966,0.02192,0.02228
8967,0.02191,0.0223
8968,0.0219,0.02224
8969,0.02188,0.02226
8970,0.02187,0.02225
8971,0.0219,0.02228
8972,0.02189,0.02231
8973,0.02194,0.0222
8974,0.0219,0.02222
8975,0.022,0.02221
8976,0.02193,0.02217
8977,0.02205,0.0222
8978,0.02194,0.02223
8979,0.02197,0.02218
8980,0.02203,0.02219
8981,0.02209,0.02208
8982,0.02205,0.02211
8983,0.02208,0.02208
8984,0.02206,0.02203
8985,0.0221,0.02204
8986,0.02206,0.02206
8987,0.02209,0.02206
8988,0.0221,0.022
8989,0.02218,0.02198
8990,0.02225,0.02192
8991,0.02219,0.02191
8992,0.02226,0.02194
8993,0.02225,0.02187
8994,0.02221,0.02192
8995,0.02223,0.02193
8996,0.02223,0.02193
8997,0.02223,0.02189
8998,0.02229,0.0219
8999,0.02228,0.02187
9000,0.02231,0.02188
9001,0.02229,0.02187
9002,0.02232,0.02186
9003,0.02226,0.02189
9004,0.0223,0.02183
9005,0.02232,0.02182
9006,0.02232,0.02182
9007,0.02242,0.02177
9008,0.02234,0.02176
9009,0.02242,0.02181
9010,0.02239,0.02178
9011,0.02238,0.02176
9012,0.02234,0.02176
9013,0.02238,0.02178
9014,0.02242,0.02173
9015,0.02251,0.02171
9016,0.02242,0.02174
9017,0.02248,0.02169
9018,0.02245,0.02176
9019,0.02237,0.0218
9020,0.02238,0.02167
9021,0.02242,0.02173
9022,0.02248,0.02165
9023,0.02246,0.0217
9024,0.02245,0.02164
9025,0.02244,0.02171
9026,0.02238,0.02176
9027,0.02233,0.02177
9028,0.02236,0.02181
9029,0.02238,0.0218
9030,0.02239,0.02175
9031,0.02236,0.02174
9032,0.02237,0.02179
9033,0.02232,0.02176
9034,0.02238,0.0218
9035,0.02249,0.02175
9036,0.02236,0.02173
9037,0.02236,0.02179
9038,0.02233,0.0218
9039,0.02233,0.02181
9040,0.02238,0.02182
9041,0.02234,0.02177
9042,0.02238,0.02177
9043,0.02236,0.02178
9044,0.02234,0.02177
9045,0.02234,0.0218
9046,0.02235,0.02176
9047,0.02236,0.02178
9048,0.02242,0.02167
9049,0.02234,0.02172
9050,0.02237,0.02176
9051,0.0224,0.02176
9052,0.0224,0.02178
9053,0.02238,0.02179
9054,0.02235,0.02176
9055,0.02242,0.02175
9056,0.0224,0.02176
9057,0.02234,0.02178
9058,0.02235,0.02183
9059,0.02235,0.0218
9060,0.02228,0.02182
9061,0.02239,0.0218
9062,0.02231,0.02185
9063,0.02231,0.02182
9064,0.02236,0.02174
9065,0.02242,0.02175
9066,0.02237,0.02182
9067,0.02233,0.0218
9068,0.02228,0.02187
9069,0.0223,0.0218
9070,0.0223,0.02178
9071,0.02234,0.02178
9072,0.02236,0.02177
9073,0.02237,0.02173
9074,0.02246,0.02178
9075,0.02238,0.02178
9076,0.02238,0.02172
9077,0.02236,0.02181
9078,0.02239,0.02173
9079,0.02241,0.02165
9080,0.02238,0.02171
9081,0.02238,0.02169
9082,0.02249,0.02173
9083,0.0224,0.02171
9084,0.0224,0.02167
9085,0.02238,0.02175
9086,0.02239,0.02174
9087,0.02239,0.02172
9088,0.02245,0.02175
9089,0.02241,0.02172
9090,0.02241,0.0217
9091,0.02243,0.0217
9092,0.02241,0.0218
9093,0.02236,0.02181
9094,0.02235,0.02174
9095,0.02235,0.02177
9096,0.02242,0.02174
9097,0.02244,0.02172
9098,0.02241,0.02174
9099,0.02233,0.02179
9100,0.02235,0.02173
9101,0.02239,0.0218
9102,0.0224,0.02176
9103,0.02239,0.02181
9104,0.02239,0.02182
9105,0.02237,0.02179
9106,0.02231,0.02183
9107,0.02231,0.02178
9108,0.02231,0.02179
9109,0.02234,0.02178
9110,0.0223,0.02181
9111,0.02233,0.0218
9112,0.0224,0.02177
9113,0.0224,0.02174
9114,0.02245,0.02174
9115,0.02245,0.02166
9116,0.02245,0.02166
9117,0.02246,0.0216
9118,0.02251,0.02163
9119,0.02254,0.02163
9120,0.02253,0.02164
9121,0.02261,0.02162
9122,0.0225,0.02167
9123,0.02254,0.02159
9124,0.02254,0.02158
9125,0.02258,0.02154
9126,0.02257,0.02152
9127,0.02257,0.02154
9128,0.02259,0.02151
9129,0.02259,0.02151
9130,0.02259,0.02154
9131,0.02266,0.02155
9132,0.02259,0.02151
9133,0.02258,0.02159
9134,0.02262,0.02158
9135,0.02255,0.02164
9136,0.02256,0.02161
9137,0.02253,0.02164
9138,0.02249,0.02167
9139,0.02247,0.02164
9140,0.02251,0.02164
9141,0.02257,0.02166
9142,0.02248,0.02168
9143,0.02252,0.02158
9144,0.02253,0.0216
9145,0.02252,0.02158
9146,0.02254,0.02164
9147,0.02254,0.02158
9148,0.02257,0.02162
9149,0.02259,0.02158
9150,0.02253,0.02156
9151,0.02255,0.02159
9152,0.02256,0.02159
9153,0.02255,0.02154
9154,0.0225,0.0216
9155,0.02252,0.02164
9156,0.02254,0.02162
9157,0.02251,0.02156
9158,0.02249,0.02157
9159,0.02253,0.02156
9160,0.02253,0.02163
9161,0.02249,0.02168
9162,0.02244,0.02173
9163,0.02236,0.02179
9164,0.02238,0.02169
9165,0.02243,0.02175
9166,0.02241,0.02172
9167,0.02246,0.02172
9168,0.02246,0.02173
9169,0.02239,0.02172
9170,0.02245,0.02175
9171,0.0224,0.02169
9172,0.02243,0.0217
9173,0.02246,0.02167
9174,0.02242,0.0217
9175,0.02245,0.02176
9176,0.02247,0.02166
9177,0.02248,0.02168
9178,0.02246,0.02168
9179,0.02244,0.02168
9180,0.02248,0.02166
9181,0.02252,0.02168
9182,0.0225,0.02164
9183,0.02248,0.02162
9184,0.02257,0.02166
9185,0.02254,0.02165
9186,0.02246,0.02167
9187,0.02251,0.02173
9188,0.02252,0.02165
9189,0.02247,0.02165
9190,0.02246,0.02162
9191,0.02248,0.02159
9192,0.0225,0.02164
9193,0.02249,0.0216
9194,0.02247,0.02164
9195,0.02251,0.02163
9196,0.02258,0.02163
9197,0.0225,0.02169
9198,0.02247,0.02171
9199,0.02245,0.02172
9200,0.02245,0.0217
9201,0.02242,0.02178
9202,0.02241,0.02176
9203,0.0224,0.02175
9204,0.02237,0.02171
9205,0.02235,0.02183
9206,0.02234,0.02178
9207,0.02232,0.02185
9208,0.02243,0.02181
9209,0.02231,0.02178
9210,0.02233,0.02181
9211,0.02237,0.02173
9212,0.02243,0.02169
9213,0.02241,0.02169
9214,0.02244,0.02168
9215,0.02252,0.02166
9216,0.02251,0.02165
9217,0.02252,0.02163
9218,0.02254,0.02167
9219,0.02241,0.02172
9220,0.02242,0.02172
9221,0.02242,0.02169
9222,0.02243,0.02178
9223,0.02233,0.02179
9224,0.02236,0.02177
9225,0.02235,0.02181
9226,0.02238,0.02177
9227,0.02233,0.02178
9228,0.02231,0.02177
9229,0.02232,0.02181
9230,0.02233,0.02178
9231,0.02235,0.02178
9232,0.02238,0.02176
9233,0.02236,0.02181
9234,0.02236,0.02183
9235,0.02228,0.02187
9236,0.02235,0.02184
9237,0.02237,0.02183
9238,0.02229,0.02179
9239,0.02232,0.02189
9240,0.02226,0.02187
9241,0.02236,0.0219
9242,0.02231,0.02178
9243,0.0223,0.02182
9244,0.02229,0.02186
9245,0.02225,0.02184
9246,0.0223,0.02185
9247,0.02219,0.02185
9248,0.02224,0.02192
9249,0.02224,0.02193
9250,0.02226,0.02193
9251,0.02222,0.02199
9252,0.02226,0.02186
9253,0.02227,0.02195
9254,0.02229,0.02191
9255,0.02231,0.02187
9256,0.02225,0.02185
9257,0.02224,0.02189
9258,0.02226,0.02188
9259,0.02227,0.02188
9260,0.02225,0.02181
9261,0.02227,0.02186
9262,0.02228,0.02184
9263,0.02228,0.02193
9264,0.02228,0.02195
9265,0.02228,0.02192
9266,0.02219,0.02195
9267,0.02225,0.02198
9268,0.02222,0.02196
9269,0.02225,0.02195
9270,0.02223,0.02189
9271,0.02221,0.0219
9272,0.0222,0.02192
9273,0.02218,0.02191
9274,0.02221,0.02194
9275,0.02224,0.02195
9276,0.02226,0.02191
9277,0.0222,0.02187
9278,0.02223,0.02188
9279,0.02225,0.02188
9280,0.02228,0.02187
9281,0.02224,0.0219
9282,0.02227,0.02188
9283,0.02232,0.02183
9284,0.0223,0.02187
9285,0.02232,0.02182
9286,0.02232,0.02181
9287,0.02232,0.02179
9288,0.02233,0.02175
9289,0.02242,0.02182
9290,0.02232,0.0218
9291,0.02229,0.02186
9292,0.0223,0.02191
9293,0.02231,0.02181
9294,0.02231,0.0218
9295,0.02231,0.02184
9296,0.02229,0.0218
9297,0.02228,0.02178
9298,0.02232,0.02179
9299,0.0223,0.02178
9300,0.02228,0.0218
9301,0.02233,0.02179
9302,0.02229,0.02179
9303,0.0223,0.0218
9304,0.02241,0.02181
9305,0.02239,0.02177
9306,0.02238,0.02178
9307,0.02237,0.02177
9308,0.02235,0.02174
9309,0.02231,0.02175
9310,0.02235,0.02173
9311,0.02234,0.02177
9312,0.02236,0.0218
9313,0.0223,0.02179
9314,0.02232,0.02179
9315,0.02245,0.02178
9316,0.02236,0.02178
9317,0.02234,0.0218
9318,0.02232,0.02181
9319,0.02226,0.02189
9320,0.02228,0.02182
9321,0.02231,0.02183
9322,0.0223,0.0218
9323,0.02237,0.02177
9324,0.02234,0.02179
9325,0.02233,0.0218
9326,0.02235,0.02177
9327,0.02235,0.02173
9328,0.0224,0.02177
9329,0.02241,0.02175
9330,0.02236,0.02178
9331,0.02235,0.0218
9332,0.02239,0.02178
9333,0.02236,0.02178
9334,0.02236,0.02178
9335,0.02235,0.02185
9336,0.02241,0.02178
9337,0.02233,0.02182
9338,0.02234,0.02183
9339,0.02228,0.02184
9340,0.02231,0.02181
9341,0.02229,0.0218
9342,0.02226,0.02188
9343,0.02228,0.02187
9344,0.02225,0.02191
9345,0.02228,0.0219
9346,0.0222,0.0219
9347,0.02221,0.02186
9348,0.02223,0.02189
9349,0.02238,0.02191
9350,0.02224,0.02188
9351,0.02228,0.02185
9352,0.02228,0.0219
9353,0.02225,0.02193
9354,0.02224,0.02193
9355,0.02226,0.02204
9356,0.02221,0.02198
9357,0.02221,0.02192
9358,0.02222,0.02192
9359,0.02218,0.02198
9360,0.02225,0.02194
9361,0.02223,0.02189
9362,0.02224,0.02194
9363,0.02218,0.02195
9364,0.02219,0.02194
9365,0.02218,0.02197
9366,0.02222,0.02202
9367,0.02214,0.02197
9368,0.02213,0.02198
9369,0.0222,0.02198
9370,0.02216,0.022
9371,0.02218,0.022
9372,0.02217,0.02202
9373,0.02208,0.02202
9374,0.02213,0.02203
9375,0.02212,0.02205
9376,0.02216,0.02204
9377,0.02215,0.02196
9378,0.02212,0.02204
9379,0.02214,0.02201
9380,0.02208,0.02205
9381,0.02215,0.02205
9382,0.02213,0.022
9383,0.02216,0.02198
9384,0.02218,0.02201
9385,0.02214,0.02208
9386,0.02215,0.02205
9387,0.02211,0.02212
9388,0.02214,0.02208
9389,0.02209,0.02207
9390,0.02206,0.0221
9391,0.02205,0.02208
9392,0.02209,0.02208
9393,0.02214,0.02209
9394,0.02208,0.02208
9395,0.02205,0.02207
9396,0.02205,0.02213
9397,0.02207,0.02213
9398,0.02208,0.02217
9399,0.02208,0.02211
9400,0.02205,0.02211
9401,0.02204,0.02212
9402,0.02205,0.0221
9403,0.02208,0.02212
9404,0.02208,0.02216
9405,0.02204,0.02215
9406,0.02196,0.02216
9407,0.02199,0.02219
9408,0.02207,0.02213
9409,0.022,0.02209
9410,0.02211,0.02209
9411,0.02209,0.02214
9412,0.02213,0.02207
9413,0.02211,0.02204
9414,0.02211,0.02202
9415,0.02219,0.02206
9416,0.02217,0.02197
9417,0.02209,0.02211
9418,0.02209,0.02211
9419,0.02209,0.02203
9420,0.02213,0.02205
9421,0.02211,0.02196
9422,0.02214,0.02204
9423,0.02214,0.02206
9424,0.02215,0.02196
9425,0.02214,0.02205
9426,0.02218,0.022
9427,0.02211,0.022
9428,0.02215,0.02196
9429,0.02214,0.02201
9430,0.02213,0.02206
9431,0.02204,0.02209
9432,0.02207,0.02206
9433,0.02209,0.02206
9434,0.02208,0.02206
9435,0.02209,0.02209
9436,0.02209,0.0221
9437,0.02208,0.02204
9438,0.02204,0.0221
9439,0.02205,0.0221
9440,0.02206,0.02207
9441,0.02211,0.02207
9442,0.02206,0.02211
9443,0.02213,0.02204
9444,0.02211,0.02202
9445,0.02207,0.02205
9446,0.02213,0.02207
9447,0.02213,0.02203
9448,0.0222,0.02198
9449,0.02212,0.02198
9450,0.02215,0.02203
9451,0.02217,0.02199
9452,0.02218,0.022
9453,0.02219,0.02199
9454,0.02213,0.02198
9455,0.0221,0.02205
9456,0.02221,0.02207
9457,0.02222,0.022
9458,0.02221,0.02199
9459,0.0222,0.02198
9460,0.02222,0.02199
9461,0.0222,0.02194
9462,0.0222,0.02202
9463,0.02223,0.02194
9464,0.0222,0.02196
9465,0.02225,0.02199
9466,0.02228,0.02191
9467,0.02227,0.02184
9468,0.02225,0.0219
9469,0.02225,0.02193
9470,0.02223,0.02193
9471,0.02226,0.02187
9472,0.02223,0.02195
9473,0.02222,0.02194
9474,0.02226,0.02191
9475,0.02226,0.02185
9476,0.02224,0.02199
9477,0.02225,0.0219
9478,0.02219,0.02193
9479,0.02224,0.02191
9480,0.02223,0.02187
9481,0.02224,0.02187
9482,0.02221,0.02189
9483,0.02226,0.02189
9484,0.02225,0.02185
9485,0.02226,0.02188
9486,0.02232,0.02186
9487,0.0223,0.02192
9488,0.02232,0.02192
9489,0.02224,0.02189
9490,0.02231,0.02187
9491,0.02231,0.02185
9492,0.02227,0.02191
9493,0.02228,0.02184
9494,0.02229,0.02183
9495,0.02226,0.02185
9496,0.02226,0.02186
9497,0.02231,0.02183
9498,0.02236,0.0218
9499,0.02233,0.02176
9500,0.02234,0.0218
9501,0.02232,0.02181
9502,0.02229,0.02182
9503,0.02238,0.02182
9504,0.02239,0.02181
9505,0.02237,0.02181
9506,0.02237,0.02185
9507,0.02237,0.0218
9508,0.02236,0.02184
9509,0.02243,0.02184
9510,0.02243,0.02183
9511,0.02227,0.02183
9512,0.02226,0.02188
9513,0.02233,0.02184
9514,0.02235,0.02181
9515,0.02234,0.02178
9516,0.02239,0.02188
9517,0.02228,0.02185
9518,0.02228,0.02182
9519,0.02233,0.02179
9520,0.02229,0.02184
9521,0.02231,0.02188
9522,0.02227,0.02187
9523,0.02227,0.02195
9524,0.02235,0.0219
9525,0.02233,0.02183
9526,0.02229,0.02181
9527,0.02235,0.02184
9528,0.02233,0.02179
9529,0.02227,0.02183
9530,0.02239,0.02182
9531,0.02233,0.02183
9532,0.02232,0.02181
9533,0.02231,0.02181
9534,0.0223,0.02176
9535,0.02232,0.0218
9536,0.02236,0.02185
9537,0.02227,0.02184
9538,0.02229,0.02188
9539,0.0223,0.02186
9540,0.02231,0.02183
9541,0.02235,0.02189
9542,0.02228,0.02185
9543,0.02229,0.02187
9544,0.0223,0.02183
9545,0.02232,0.02195
9546,0.0223,0.02185
9547,0.02229,0.02184
9548,0.02228,0.02182
9549,0.02232,0.02184
9550,0.0223,0.02184
9551,0.02232,0.02177
9552,0.02234,0.02178
9553,0.02237,0.02178
9554,0.02238,0.02185
9555,0.02235,0.0218
9556,0.02234,0.02188
9557,0.02223,0.02183
9558,0.02231,0.02183
9559,0.02236,0.0218
9560,0.02236,0.02177
9561,0.02235,0.02181
9562,0.02242,0.02178
9563,0.02241,0.02176
9564,0.02244,0.02184
9565,0.02227,0.02183
9566,0.02228,0.02185
9567,0.02227,0.02185
9568,0.0223,0.0218
9569,0.02233,0.02184
9570,0.02231,0.02184
9571,0.02233,0.02183
9572,0.02232,0.02183
9573,0.02236,0.02184
9574,0.02237,0.02179
9575,0.02237,0.02183
9576,0.02226,0.02178
9577,0.02233,0.0218
9578,0.0223,0.02172
9579,0.02238,0.02173
9580,0.02236,0.02176
9581,0.02243,0.02178
9582,0.02237,0.02179
9583,0.02246,0.02176
9584,0.02245,0.02177
9585,0.02234,0.02178
9586,0.02233,0.0218
9587,0.02235,0.02177
9588,0.02234,0.02177
9589,0.02232,0.02186
9590,0.02233,0.02181
9591,0.02227,0.02182
9592,0.02238,0.02178
9593,0.02236,0.02178
9594,0.02235,0.02174
9595,0.02237,0.02177
9596,0.02239,0.02177
9597,0.02238,0.02176
9598,0.02236,0.02182
9599,0.02232,0.02184
9600,0.02231,0.02185
9601,0.02238,0.0218
9602,0.02242,0.02177
9603,0.02238,0.02179
9604,0.02233,0.02179
9605,0.02236,0.02178
9606,0.02237,0.02173
9607,0.02238,0.02176
9608,0.02238,0.02174
9609,0.02249,0.02173
9610,0.02237,0.02177
9611,0.0224,0.02174
9612,0.02239,0.02177
9613,0.02241,0.02174
9614,0.0224,0.02172
9615,0.02245,0.02177
9616,0.02235,0.02178
9617,0.02237,0.02179
9618,0.02236,0.0218
9619,0.0224,0.02175
9620,0.02239,0.02176
9621,0.02237,0.02181
9622,0.02238,0.02186
9623,0.02234,0.02185
9624,0.02229,0.0218
9625,0.02234,0.0218
9626,0.02228,0.02187
9627,0.02231,0.02181
9628,0.02236,0.02179
9629,0.02236,0.0219
9630,0.02225,0.02186
9631,0.02224,0.02187
9632,0.02234,0.02194
9633,0.02226,0.02188
9634,0.02227,0.02189
9635,0.02226,0.02186
9636,0.02229,0.02185
9637,0.02226,0.02186
9638,0.02221,0.02191
9639,0.02231,0.02185
9640,0.02227,0.02196
9641,0.02232,0.02192
9642,0.02228,0.02184
9643,0.02233,0.02183
9644,0.0223,0.02184
9645,0.02226,0.02185
9646,0.02234,0.02188
9647,0.02226,0.02181
9648,0.02232,0.02185
9649,0.02235,0.02188
9650,0.02238,0.02177
9651,0.02243,0.02179
9652,0.02238,0.02177
9653,0.02235,0.02178
9654,0.02235,0.02176
9655,0.02236,0.02177
9656,0.02229,0.02187
9657,0.02232,0.02185
9658,0.02232,0.02182
9659,0.02239,0.02175
9660,0.02234,0.02183
9661,0.02233,0.02178
9662,0.02238,0.02176
9663,0.02245,0.02175
9664,0.02239,0.02175
9665,0.02238,0.02173
9666,0.02244,0.02169
9667,0.02251,0.0217
9668,0.02249,0.02168
9669,0.02246,0.0217
9670,0.0225,0.02169
9671,0.02251,0.02172
9672,0.02241,0.02177
9673,0.02241,0.0218
9674,0.02242,0.02179
9675,0.0224,0.02169
9676,0.02247,0.02172
9677,0.02246,0.02165
9678,0.02246,0.02171
9679,0.02245,0.02169
9680,0.02248,0.02168
9681,0.02243,0.02168
9682,0.02242,0.02168
9683,0.02247,0.0217
9684,0.02247,0.0217
9685,0.02245,0.02168
9686,0.02244,0.02169
9687,0.02244,0.02166
9688,0.0224,0.02167
9689,0.02239,0.02173
9690,0.02246,0.02164
9691,0.02246,0.02177
9692,0.02249,0.02168
9693,0.02247,0.02166
9694,0.02247,0.02168
9695,0.02252,0.02166
9696,0.02249,0.02171
9697,0.02252,0.02161
9698,0.02246,0.0217
9699,0.0225,0.02164
9700,0.02249,0.02164
9701,0.02246,0.02164
9702,0.02254,0.02166
9703,0.02254,0.02161
9704,0.02259,0.02155
9705,0.02255,0.02157
9706,0.02262,0.02157
9707,0.02253,0.02154
9708,0.02252,0.02161
9709,0.0225,0.02161
9710,0.02255,0.02162
9711,0.02255,0.0216
9712,0.02254,0.02161
9713,0.02252,0.0216
9714,0.02249,0.02163
9715,0.02257,0.02164
9716,0.02255,0.02159
9717,0.02252,0.02155
9718,0.02254,0.02158
9719,0.02255,0.02158
9720,0.02262,0.02161
9721,0.02252,0.02156
9722,0.02254,0.02163
9723,0.02246,0.02163
9724,0.02248,0.02164
9725,0.02253,0.02169
9726,0.02256,0.02156
9727,0.02256,0.02158
9728,0.02251,0.02162
9729,0.02254,0.02162
9730,0.0225,0.02156
9731,0.02252,0.02165
9732,0.02252,0.02155
9733,0.0225,0.02162
9734,0.02257,0.0216
9735,0.02251,0.02164
9736,0.02249,0.02163
9737,0.0225,0.02163
9738,0.02253,0.02161
9739,0.02253,0.02163
9740,0.02251,0.02154
9741,0.02264,0.0216
9742,0.02259,0.02154
9743,0.02257,0.02156
9744,0.02257,0.0216
9745,0.02258,0.02155
9746,0.02254,0.02157
9747,0.0226,0.02152
9748,0.02262,0.0215
9749,0.02262,0.02151
9750,0.02259,0.02151
9751,0.02261,0.02153
9752,0.02259,0.02152
9753,0.0226,0.02148
9754,0.0226,0.02152
9755,0.02267,0.02149
9756,0.02263,0.02151
9757,0.02266,0.02154
9758,0.02268,0.0215
9759,0.02268,0.02148
9760,0.02261,0.02157
9761,0.02262,0.02155
9762,0.02252,0.02156
9763,0.02254,0.02157
9764,0.0226,0.02157
9765,0.02257,0.02157
9766,0.02259,0.02158
9767,0.02252,0.02158
9768,0.02255,0.02156
9769,0.02262,0.0216
9770,0.0225,0.02162
9771,0.02247,0.02158
9772,0.02249,0.02157
9773,0.02254,0.02161
9774,0.02254,0.02162
9775,0.02252,0.02155
9776,0.02252,0.02161
9777,0.02249,0.02159
9778,0.02252,0.02158
9779,0.0225,0.02167
9780,0.02248,0.02162
9781,0.02251,0.02169
9782,0.02254,0.02165
9783,0.02248,0.02162
9784,0.02254,0.02161
9785,0.02249,0.02162
9786,0.02245,0.02168
9787,0.02243,0.02171
9788,0.02242,0.02165
9789,0.02243,0.02168
9790,0.02249,0.02168
9791,0.02242,0.0217
9792,0.02241,0.02171
9793,0.02243,0.02172
9794,0.02249,0.02166
9795,0.02246,0.0217
9796,0.02246,0.02169
9797,0.02244,0.02164
9798,0.02241,0.0217
9799,0.02249,0.02166
9800,0.02249,0.02162
9801,0.02249,0.02159
9802,0.02246,0.02166
9803,0.02252,0.02162
9804,0.02258,0.02163
9805,0.02258,0.02159
9806,0.02258,0.02155
9807,0.02264,0.02156
9808,0.02253,0.02157
9809,0.02253,0.02158
9810,0.02252,0.02162
9811,0.02249,0.02172
9812,0.0225,0.02163
9813,0.02253,0.0216
9814,0.02249,0.02161
9815,0.02249,0.02166
9816,0.02244,0.02164
9817,0.02247,0.02166
9818,0.02244,0.02164
9819,0.02247,0.02167
9820,0.02251,0.02155
9821,0.0225,0.02159
9822,0.02256,0.02162
9823,0.02249,0.02161
9824,0.02248,0.02171
9825,0.02252,0.02166
9826,0.02257,0.02168
9827,0.02252,0.02168
9828,0.02244,0.02172
9829,0.0224,0.02175
9830,0.02244,0.02171
9831,0.02246,0.02173
9832,0.02247,0.02174
9833,0.02249,0.02169
9834,0.02245,0.02169
9835,0.0224,0.02166
9836,0.02241,0.02165
9837,0.02243,0.02168
9838,0.0224,0.0217
9839,0.02243,0.02171
9840,0.02245,0.02174
9841,0.02248,0.02165
9842,0.02248,0.02169
9843,0.02247,0.02168
9844,0.02251,0.02169
9845,0.02248,0.02175
9846,0.02248,0.0217
9847,0.02245,0.0217
9848,0.02245,0.0217
9849,0.02244,0.02168
9850,0.02252,0.0217
9851,0.02249,0.02167
9852,0.02248,0.02166
9853,0.02248,0.02173
9854,0.02249,0.02166
9855,0.02243,0.02168
9856,0.02242,0.02168
9857,0.02243,0.02167
9858,0.02255,0.02168
9859,0.02246,0.02167
9860,0.02246,0.02168
9861,0.02243,0.02172
9862,0.02243,0.02176
9863,0.02245,0.02173
9864,0.02241,0.02175
9865,0.02239,0.0217
9866,0.0224,0.02177
9867,0.02234,0.02178
9868,0.02236,0.02177
9869,0.02236,0.02176
9870,0.02236,0.02174
9871,0.02237,0.02174
9872,0.02235,0.02184
9873,0.02242,0.02177
9874,0.0224,0.02173
9875,0.02238,0.02185
9876,0.02236,0.02176
9877,0.02233,0.02177
9878,0.02232,0.02179
9879,0.02239,0.02183
9880,0.02242,0.02177
9881,0.02241,0.02176
9882,0.02235,0.02174
9883,0.02236,0.02181
9884,0.02235,0.02179
9885,0.02228,0.02184
9886,0.02237,0.02182
9887,0.02231,0.02181
9888,0.02236,0.02179
9889,0.02234,0.02179
9890,0.02235,0.02175
9891,0.02236,0.02178
9892,0.02238,0.02174
9893,0.02237,0.02174
9894,0.02238,0.02175
9895,0.0224,0.0217
9896,0.02239,0.02174
9897,0.02237,0.02175
9898,0.02238,0.0217
9899,0.02236,0.02177
9900,0.02232,0.02186
9901,0.02237,0.02186
9902,0.02235,0.02183
9903,0.02242,0.02179
9904,0.02246,0.02168
9905,0.02243,0.02172
9906,0.02243,0.02172
9907,0.02241,0.02172
9908,0.02238,0.0218
9909,0.02236,0.02182
9910,0.02238,0.02186
9911,0.02233,0.02181
9912,0.02233,0.02185
9913,0.02241,0.02187
9914,0.02243,0.02178
9915,0.02241,0.0219
9916,0.0223,0.0218
9917,0.02233,0.02182
9918,0.02234,0.02177
9919,0.02232,0.02179
9920,0.02232,0.02181
9921,0.02234,0.02182
9922,0.02233,0.02178
9923,0.02226,0.02181
9924,0.02238,0.02183
9925,0.02235,0.02181
9926,0.02243,0.02178
9927,0.02245,0.02179
9928,0.02238,0.02178
9929,0.02238,0.02178
9930,0.02248,0.02173
9931,0.02239,0.02176
9932,0.02236,0.0217
9933,0.02239,0.02177
9934,0.02238,0.02175
9935,0.02236,0.02178
9936,0.02238,0.02173
9937,0.02237,0.02182
9938,0.02241,0.02175
9939,0.02235,0.02177
9940,0.02237,0.02179
9941,0.02237,0.02181
9942,0.02236,0.02174
9943,0.02241,0.02171
9944,0.02246,0.0217
9945,0.02246,0.02179
9946,0.02234,0.02182
9947,0.02237,0.02183
9948,0.02234,0.02185
9949,0.02227,0.02179
9950,0.0223,0.02177
9951,0.02228,0.02181
9952,0.02232,0.0218
9953,0.02236,0.02182
9954,0.02232,0.02181
9955,0.02232,0.02184
9956,0.02234,0.02182
9957,0.0223,0.02185
9958,0.02234,0.02185
9959,0.02228,0.02183
9960,0.02228,0.02184
9961,0.02224,0.02186
9962,0.02227,0.02184
9963,0.02225,0.0218
9964,0.02228,0.02191
9965,0.02233,0.02189
9966,0.02234,0.02194
9967,0.02224,0.02187
9968,0.02227,0.02185
9969,0.02225,0.02187
9970,0.02229,0.0218
9971,0.02233,0.02183
9972,0.02233,0.02179
9973,0.02235,0.02179
9974,0.02237,0.02179
9975,0.02239,0.02176
9976,0.02235,0.02177
9977,0.02238,0.02181
9978,0.02233,0.02176
9979,0.02233,0.02184
9980,0.02232,0.02183
9981,0.02235,0.02182
9982,0.02232,0.02198
9983,0.0222,0.02197
9984,0.0222,0.02194
9985,0.0222,0.02197
9986,0.02216,0.02201
9987,0.02217,0.02198
9988,0.02213,0.02199
9989,0.02219,0.02201
9990,0.02223,0.02192
9991,0.02224,0.02191
9992,0.0223,0.0219
9993,0.0223,0.02187
9994,0.02228,0.02189
9995,0.02226,0.02185
9996,0.02228,0.02183
9997,0.02237,0.0218
9998,0.02232,0.02184
9999,0.02231,0.02188
10000,0.02225,0.02192
